14.00
5.00
3.00
25.00
8.00
2.00
54.00
23.00
10.00
9.00
7.00
50.00
53.00
2.00
2.00
65.00
601.00
101.00
9.00
73.00
13.00
120.00
59.00
2.00
3.00
47.00
153.00
1.00
11.00
6.00
6.00
9.00
80.00
75.00
18.00
636.00
62.00
83.00
4.00
23.00
3.00
5.00
9.00
2.00
13.00
4.00
1.00
5.00
40.00
12.00
5.00
1.00
86.00
24.00
62.00
141.00
10.00
717.00
104.00
40.00
72.00
16.00
52.00
1.00
17.00
6.00
1.00
1.00
11.00
43.00
5.00
1.00
95.00
7.00
42.00
14.00
18.00
71.00
2.00
72.00
26.00
659.00
8.00
80.00
19.00
70.00
7.00
3.00
6.00
15.00
40.00
92.00
7.00
7.00
26.00
1.00
15.00
76.00
2.00
20.00
167.00
690.00
2.00
4.00
8.00
11.00
60.00
74.00
1.00
1.00
1.00
7.00
8.00
14.00
34.00
77.00
11.00
2.00
59.00
32.00
2.00
33.00
16.00
21.00
47.00
1.00
7.00
135.00
1.00
505.00
75.00
22.00
90.00
23.00
76.00
59.00
1.00
35.00
3.00
1.00
2.00
5.00
14.00
36.00
7.00
1.00
78.00
4.00
18.00
4.00
50.00
185.00
78.00
598.00
31.00
68.00
20.00
32.00
1.00
42.00
26.00
6.00
4.00
4.00
1.00
8.00
20.00
3.00
5.00
25.00
7.00
22.00
18.00
1.00
29.00
33.00
16.00
1.00
1.00
7.00
2.00
60.00
3.00
25.00
35.00
760.00
36.00
12.00
45.00
38.00
25.00
60.00
98.00
19.00
4.00
28.00
37.00
4.00
15.00
1.00
2.00
11.00
46.00
221.00
15.00
95.00
561.00
104.00
48.00
9.00
1.00
38.00
6.00
138.00
3.00
1.00
7.00
25.00
36.00
16.00
9.00
154.00
9.00
841.00
1.00
56.00
11.00
37.00
27.00
5.00
27.00
10.00
2.00
2.00
36.00
5.00
5.00
2.00
51.00
3.00
12.00
22.00
2.00
5.00
33.00
1.00
10.00
17.00
1.00
90.00
1.00
708.00
1.00
3.00
3.00
34.00
26.00
31.00
21.00
21.00
24.00
7.00
75.00
2.00
35.00
41.00
3.00
27.00
1.00
85.00
93.00
15.00
1.00
25.00
92.00
22.00
11.00
135.00
405.00
97.00
58.00
70.00
35.00
29.00
11.00
13.00
1.00
9.00
4.00
18.00
7.00
12.00
2.00
29.00
23.00
21.00
10.00
4.00
1.00
23.00
23.00
5.00
11.00
8.00
2.00
39.00
40.00
67.00
25.00
5.00
1.00
5.00
637.00
241.00
6.00
25.00
33.00
11.00
4.00
22.00
3.00
82.00
79.00
5.00
9.00
95.00
11.00
12.00
7.00
2.00
159.00
579.00
48.00
100.00
21.00
10.00
12.00
12.00
31.00
56.00
5.00
54.00
3.00
88.00
35.00
12.00
80.00
3.00
1.00
2.00
25.00
111.00
15.00
13.00
5.00
685.00
39.00
168.00
17.00
8.00
17.00
11.00
3.00
5.00
18.00
1.00
35.00
70.00
54.00
181.00
830.00
5.00
5.00
22.00
25.00
9.00
2.00
240.00
18.00
1.00
1.00
16.00
1.00
45.00
33.00
17.00
128.00
18.00
52.00
22.00
621.00
98.00
64.00
9.00
15.00
86.00
1.00
11.00
34.00
31.00
1.00
16.00
39.00
1.00
5.00
77.00
16.00
2.00
140.00
778.00
11.00
83.00
7.00
3.00
19.00
29.00
1.00
50.00
9.00
12.00
15.00
7.00
8.00
16.00
3.00
32.00
18.00
51.00
94.00
6.00
16.00
32.00
62.00
4.00
47.00
632.00
3.00
35.00
71.00
3.00
70.00
1.00
56.00
7.00
2.00
3.00
3.00
16.00
8.00
2.00
2.00
44.00
1.00
4.00
7.00
34.00
7.00
8.00
13.00
5.00
2.00
2.00
1.00
42.00
1.00
1.00
13.00
25.00
13.00
71.00
7.00
21.00
1.00
20.00
35.00
44.00
569.00
2.00
20.00
114.00
1.00
7.00
72.00
19.00
15.00
40.00
70.00
27.00
1.00
2.00
200.00
17.00
86.00
86.00
2.00
642.00
2.00
23.00
14.00
52.00
15.00
26.00
35.00
100.00
23.00
6.00
15.00
14.00
33.00
20.00
1.00
6.00
20.00
4.00
64.00
6.00
24.00
23.00
10.00
16.00
23.00
27.00
48.00
1.00
736.00
39.00
15.00
4.00
21.00
32.00
4.00
14.00
65.00
62.00
49.00
52.00
35.00
45.00
2.00
136.00
1.00
573.00
111.00
6.00
89.00
48.00
51.00
24.00
1.00
2.00
4.00
4.00
4.00
3.00
25.00
38.00
12.00
18.00
17.00
3.00
1.00
7.00
7.00
37.00
1.00
2.00
30.00
6.00
13.00
14.00
1.00
1.00
22.00
4.00
5.00
11.00
5.00
2.00
26.00
2.00
785.00
93.00
21.00
38.00
16.00
6.00
7.00
8.00
4.00
11.00
2.00
60.00
1.00
6.00
4.00
12.00
4.00
1.00
11.00
4.00
2.00
25.00
9.00
3.00
11.00
8.00
28.00
816.00
8.00
86.00
15.00
11.00
2.00
1.00
3.00
19.00
15.00
33.00
6.00
23.00
35.00
3.00
33.00
69.00
1.00
7.00
64.00
40.00
9.00
12.00
6.00
8.00
4.00
11.00
87.00
5.00
38.00
617.00
108.00
1.00
30.00
54.00
20.00
39.00
8.00
9.00
1.00
24.00
5.00
2.00
28.00
1.00
8.00
9.00
14.00
13.00
22.00
2.00
10.00
46.00
2.00
31.00
5.00
3.00
9.00
30.00
85.00
821.00
25.00
9.00
131.00
17.00
21.00
14.00
10.00
1.00
32.00
43.00
31.00
65.00
7.00
29.00
14.00
20.00
88.00
1.00
7.00
23.00
75.00
687.00
94.00
9.00
2.00
75.00
13.00
1.00
3.00
1.00
1.00
1.00
2.00
40.00
10.00
11.00
56.00
3.00
54.00
123.00
721.00
153.00
5.00
55.00
20.00
1.00
42.00
36.00
7.00
17.00
4.00
14.00
21.00
17.00
20.00
7.00
1.00
7.00
9.00
6.00
3.00
1.00
3.00
1.00
31.00
2.00
13.00
6.00
8.00
16.00
65.00
72.00
102.00
508.00
112.00
127.00
1.00
29.00
17.00
19.00
10.00
63.00
17.00
11.00
