12.00
2.00
11.00
22.00
34.00
3.00
60.00
2.00
4.00
17.00
3.00
2.00
100.00
50.00
14.00
30.00
3.00
34.00
119.00
105.00
24.00
186.00
2.00
24.00
3.00
4.00
1.00
49.00
3.00
155.00
15.00
3.00
70.00
6.00
9.00
3.00
22.00
10.00
15.00
11.00
5.00
38.00
5.00
2.00
5.00
3.00
7.00
4.00
4.00
1.00
6.00
1.00
1.00
10.00
9.00
3.00
12.00
4.00
1.00
4.00
2.00
8.00
9.00
78.00
9.00
2.00
11.00
1.00
5.00
8.00
12.00
64.00
290.00
1.00
2.00
3.00
1.00
70.00
22.00
66.00
31.00
33.00
15.00
36.00
7.00
13.00
13.00
15.00
7.00
57.00
1.00
19.00
5.00
1.00
14.00
3.00
19.00
10.00
2.00
9.00
1.00
2.00
1.00
5.00
2.00
10.00
27.00
8.00
6.00
3.00
5.00
30.00
2.00
19.00
17.00
10.00
6.00
20.00
10.00
31.00
13.00
30.00
3.00
6.00
2.00
2.00
1.00
12.00
19.00
57.00
39.00
47.00
192.00
29.00
106.00
7.00
103.00
5.00
20.00
6.00
2.00
7.00
16.00
10.00
6.00
2.00
33.00
27.00
7.00
14.00
9.00
21.00
1.00
3.00
5.00
8.00
18.00
3.00
12.00
10.00
31.00
9.00
5.00
1.00
18.00
2.00
3.00
16.00
20.00
46.00
7.00
5.00
64.00
55.00
46.00
12.00
1.00
1.00
26.00
22.00
13.00
355.00
6.00
85.00
52.00
6.00
28.00
2.00
2.00
5.00
1.00
8.00
1.00
3.00
1.00
7.00
48.00
3.00
5.00
12.00
46.00
4.00
1.00
28.00
15.00
6.00
8.00
1.00
1.00
25.00
14.00
3.00
8.00
2.00
1.00
3.00
2.00
11.00
14.00
9.00
2.00
8.00
2.00
2.00
9.00
16.00
38.00
3.00
6.00
18.00
6.00
8.00
3.00
81.00
1.00
176.00
141.00
3.00
149.00
61.00
2.00
34.00
6.00
1.00
39.00
36.00
4.00
7.00
4.00
11.00
4.00
2.00
1.00
1.00
7.00
1.00
48.00
23.00
1.00
46.00
5.00
14.00
12.00
2.00
7.00
2.00
38.00
9.00
5.00
13.00
4.00
15.00
2.00
10.00
1.00
3.00
15.00
3.00
4.00
26.00
20.00
5.00
2.00
2.00
3.00
2.00
3.00
1.00
1.00
17.00
1.00
6.00
32.00
10.00
5.00
2.00
55.00
6.00
3.00
2.00
13.00
29.00
139.00
6.00
25.00
19.00
4.00
3.00
6.00
31.00
1.00
81.00
1.00
2.00
6.00
11.00
63.00
12.00
3.00
35.00
12.00
5.00
2.00
70.00
4.00
35.00
8.00
16.00
6.00
18.00
12.00
1.00
3.00
29.00
14.00
21.00
30.00
1.00
26.00
12.00
4.00
13.00
6.00
1.00
6.00
6.00
7.00
17.00
2.00
31.00
1.00
18.00
16.00
27.00
1.00
64.00
8.00
21.00
5.00
15.00
5.00
15.00
10.00
3.00
1.00
3.00
28.00
4.00
15.00
1.00
268.00
27.00
52.00
5.00
5.00
1.00
20.00
13.00
52.00
2.00
1.00
2.00
1.00
3.00
62.00
1.00
1.00
1.00
1.00
20.00
1.00
8.00
1.00
29.00
36.00
12.00
11.00
18.00
18.00
4.00
7.00
25.00
5.00
1.00
6.00
19.00
6.00
2.00
8.00
1.00
2.00
17.00
7.00
11.00
48.00
5.00
1.00
6.00
6.00
9.00
15.00
16.00
8.00
8.00
9.00
28.00
4.00
11.00
28.00
9.00
17.00
1.00
5.00
41.00
2.00
12.00
98.00
82.00
6.00
2.00
61.00
39.00
41.00
3.00
69.00
17.00
5.00
2.00
1.00
57.00
35.00
1.00
37.00
6.00
23.00
20.00
27.00
12.00
4.00
1.00
9.00
8.00
1.00
16.00
3.00
12.00
8.00
1.00
12.00
10.00
21.00
31.00
58.00
9.00
2.00
5.00
17.00
56.00
1.00
3.00
35.00
9.00
18.00
8.00
2.00
6.00
25.00
18.00
22.00
29.00
12.00
1.00
41.00
36.00
1.00
1.00
85.00
78.00
65.00
27.00
37.00
71.00
7.00
8.00
1.00
127.00
5.00
7.00
8.00
12.00
17.00
11.00
24.00
50.00
1.00
3.00
2.00
10.00
82.00
19.00
16.00
6.00
1.00
67.00
24.00
36.00
5.00
2.00
1.00
6.00
3.00
9.00
5.00
11.00
45.00
2.00
52.00
12.00
10.00
5.00
46.00
10.00
2.00
14.00
30.00
67.00
3.00
39.00
32.00
16.00
68.00
6.00
29.00
2.00
7.00
21.00
31.00
2.00
47.00
26.00
49.00
12.00
69.00
39.00
1.00
41.00
29.00
3.00
23.00
10.00
9.00
5.00
59.00
8.00
13.00
4.00
28.00
9.00
1.00
3.00
21.00
1.00
3.00
18.00
3.00
14.00
27.00
1.00
7.00
17.00
1.00
3.00
28.00
1.00
27.00
41.00
8.00
5.00
55.00
11.00
35.00
170.00
1.00
10.00
287.00
13.00
1.00
31.00
2.00
2.00
10.00
1.00
8.00
33.00
16.00
1.00
3.00
11.00
13.00
8.00
10.00
1.00
3.00
7.00
4.00
3.00
1.00
1.00
1.00
10.00
3.00
24.00
35.00
2.00
3.00
14.00
2.00
1.00
20.00
34.00
1.00
6.00
13.00
5.00
1.00
3.00
1.00
5.00
31.00
2.00
10.00
21.00
6.00
11.00
36.00
12.00
12.00
6.00
15.00
3.00
7.00
3.00
42.00
16.00
18.00
1.00
9.00
34.00
15.00
22.00
7.00
21.00
24.00
19.00
15.00
255.00
41.00
1.00
1.00
19.00
69.00
10.00
2.00
4.00
5.00
1.00
27.00
1.00
12.00
24.00
71.00
3.00
6.00
5.00
24.00
5.00
2.00
50.00
2.00
1.00
3.00
45.00
5.00
4.00
25.00
6.00
8.00
6.00
6.00
16.00
2.00
2.00
4.00
2.00
1.00
6.00
3.00
3.00
40.00
4.00
42.00
9.00
2.00
5.00
1.00
2.00
1.00
55.00
15.00
72.00
9.00
24.00
3.00
2.00
22.00
2.00
107.00
124.00
2.00
30.00
10.00
9.00
164.00
27.00
1.00
64.00
1.00
3.00
1.00
7.00
3.00
10.00
68.00
37.00
72.00
17.00
47.00
12.00
15.00
25.00
1.00
3.00
18.00
1.00
6.00
3.00
3.00
7.00
18.00
1.00
25.00
8.00
50.00
3.00
1.00
22.00
5.00
28.00
4.00
10.00
5.00
13.00
64.00
46.00
42.00
10.00
29.00
46.00
3.00
147.00
2.00
6.00
41.00
94.00
44.00
11.00
1.00
1.00
1.00
26.00
31.00
21.00
1.00
1.00
1.00
38.00
18.00
6.00
13.00
10.00
5.00
8.00
23.00
1.00
14.00
3.00
2.00
4.00
3.00
4.00
3.00
3.00
4.00
1.00
1.00
8.00
13.00
1.00
6.00
45.00
20.00
1.00
4.00
6.00
11.00
32.00
24.00
5.00
1.00
18.00
5.00
4.00
15.00
2.00
11.00
4.00
38.00
22.00
1.00
8.00
15.00
2.00
365.00
1.00
54.00
1.00
7.00
3.00
34.00
8.00
11.00
2.00
2.00
29.00
34.00
1.00
42.00
4.00
2.00
11.00
2.00
1.00
7.00
1.00
10.00
9.00
4.00
1.00
12.00
5.00
3.00
1.00
16.00
2.00
6.00
20.00
54.00
10.00
9.00
2.00
14.00
1.00
4.00
3.00
10.00
1.00
5.00
9.00
10.00
1.00
14.00
14.00
4.00
11.00
17.00
2.00
2.00
26.00
35.00
19.00
25.00
34.00
1.00
12.00
11.00
1.00
55.00
2.00
230.00
1.00
44.00
184.00
12.00
2.00
12.00
10.00
1.00
21.00
1.00
62.00
1.00
5.00
5.00
51.00
31.00
6.00
5.00
37.00
1.00
7.00
9.00
7.00
1.00
3.00
11.00
11.00
13.00
4.00
7.00
9.00
22.00
3.00
10.00
6.00
1.00
1.00
26.00
6.00
8.00
13.00
1.00
2.00
4.00
13.00
1.00
14.00
39.00
1.00
5.00
19.00
8.00
1.00
71.00
53.00
3.00
1.00
85.00
69.00
72.00
1.00
30.00
1.00
184.00
3.00
37.00
21.00
10.00
33.00
3.00
42.00
5.00
39.00
22.00
14.00
14.00
12.00
19.00
6.00
23.00
1.00
10.00
31.00
2.00
2.00
15.00
33.00
1.00
45.00
7.00
7.00
4.00
9.00
33.00
5.00
47.00
5.00
25.00
20.00
8.00
18.00
20.00
4.00
7.00
4.00
33.00
1.00
90.00
4.00
126.00
115.00
15.00
4.00
24.00
3.00
1.00
1.00
115.00
8.00
2.00
11.00
24.00
46.00
18.00
61.00
4.00
13.00
4.00
3.00
10.00
7.00
1.00
23.00
12.00
19.00
17.00
27.00
24.00
1.00
2.00
5.00
19.00
2.00
1.00
1.00
1.00
18.00
2.00
1.00
3.00
7.00
23.00
1.00
26.00
10.00
18.00
9.00
3.00
7.00
2.00
2.00
75.00
3.00
29.00
33.00
2.00
15.00
7.00
173.00
21.00
16.00
2.00
34.00
24.00
74.00
113.00
12.00
3.00
33.00
54.00
61.00
35.00
8.00
19.00
7.00
2.00
13.00
1.00
5.00
9.00
10.00
7.00
7.00
2.00
4.00
13.00
3.00
20.00
11.00
2.00
6.00
14.00
16.00
8.00
40.00
6.00
14.00
55.00
2.00
3.00
26.00
1.00
2.00
33.00
6.00
3.00
4.00
2.00
14.00
2.00
2.00
7.00
147.00
46.00
50.00
3.00
202.00
3.00
20.00
1.00
6.00
13.00
49.00
39.00
42.00
1.00
1.00
14.00
14.00
24.00
17.00
29.00
5.00
20.00
17.00
2.00
1.00
2.00
1.00
19.00
8.00
33.00
12.00
10.00
4.00
1.00
17.00
29.00
12.00
9.00
15.00
2.00
3.00
5.00
15.00
52.00
5.00
1.00
7.00
7.00
3.00
6.00
14.00
2.00
56.00
27.00
13.00
24.00
6.00
6.00
1.00
62.00
8.00
60.00
126.00
56.00
144.00
1.00
8.00
4.00
136.00
15.00
1.00
5.00
4.00
1.00
8.00
6.00
12.00
2.00
1.00
3.00
2.00
18.00
2.00
1.00
8.00
27.00
24.00
22.00
40.00
7.00
30.00
49.00
7.00
7.00
1.00
6.00
7.00
12.00
7.00
4.00
6.00
9.00
1.00
3.00
19.00
10.00
66.00
1.00
5.00
50.00
3.00
5.00
9.00
11.00
11.00
3.00
2.00
27.00
79.00
26.00
34.00
22.00
46.00
28.00
264.00
70.00
25.00
12.00
14.00
48.00
14.00
8.00
2.00
15.00
5.00
12.00
3.00
8.00
6.00
10.00
7.00
9.00
55.00
10.00
7.00
16.00
1.00
4.00
24.00
5.00
1.00
5.00
3.00
26.00
3.00
27.00
28.00
17.00
8.00
2.00
32.00
12.00
9.00
1.00
3.00
7.00
1.00
4.00
1.00
8.00
32.00
2.00
4.00
1.00
2.00
1.00
18.00
65.00
21.00
54.00
81.00
33.00
73.00
50.00
48.00
22.00
103.00
44.00
1.00
29.00
1.00
41.00
4.00
3.00
87.00
1.00
111.00
7.00
35.00
6.00
35.00
4.00
14.00
51.00
4.00
3.00
1.00
5.00
1.00
28.00
23.00
4.00
5.00
2.00
3.00
7.00
7.00
27.00
36.00
5.00
9.00
15.00
30.00
38.00
1.00
1.00
24.00
1.00
2.00
6.00
12.00
18.00
1.00
1.00
41.00
62.00
1.00
1.00
188.00
3.00
26.00
209.00
2.00
1.00
25.00
10.00
1.00
27.00
4.00
9.00
30.00
5.00
4.00
21.00
31.00
25.00
18.00
15.00
25.00
4.00
2.00
10.00
35.00
7.00
32.00
14.00
9.00
2.00
2.00
2.00
1.00
4.00
5.00
4.00
27.00
3.00
1.00
12.00
18.00
3.00
26.00
12.00
32.00
7.00
7.00
1.00
29.00
15.00
7.00
24.00
29.00
41.00
22.00
2.00
277.00
1.00
10.00
32.00
22.00
3.00
7.00
2.00
1.00
71.00
59.00
4.00
2.00
2.00
3.00
20.00
1.00
21.00
7.00
1.00
3.00
4.00
1.00
10.00
2.00
16.00
8.00
11.00
11.00
2.00
5.00
24.00
7.00
2.00
1.00
3.00
5.00
11.00
7.00
18.00
40.00
55.00
36.00
28.00
14.00
5.00
12.00
1.00
18.00
32.00
3.00
10.00
17.00
5.00
2.00
1.00
139.00
65.00
5.00
3.00
253.00
1.00
18.00
81.00
20.00
9.00
5.00
2.00
1.00
1.00
3.00
8.00
26.00
12.00
1.00
20.00
1.00
7.00
35.00
5.00
5.00
8.00
33.00
1.00
15.00
9.00
6.00
16.00
1.00
32.00
34.00
8.00
2.00
5.00
15.00
5.00
5.00
2.00
3.00
13.00
20.00
2.00
13.00
1.00
3.00
1.00
2.00
19.00
2.00
22.00
1.00
3.00
2.00
35.00
2.00
1.00
46.00
5.00
14.00
25.00
93.00
298.00
46.00
1.00
10.00
2.00
67.00
7.00
12.00
14.00
2.00
19.00
16.00
39.00
82.00
1.00
14.00
15.00
31.00
3.00
7.00
3.00
7.00
1.00
17.00
1.00
56.00
2.00
20.00
20.00
36.00
24.00
7.00
15.00
1.00
1.00
1.00
32.00
37.00
55.00
9.00
5.00
30.00
15.00
24.00
63.00
64.00
93.00
32.00
40.00
1.00
6.00
106.00
18.00
53.00
5.00
20.00
43.00
1.00
21.00
12.00
27.00
13.00
3.00
23.00
17.00
7.00
11.00
20.00
3.00
1.00
3.00
1.00
51.00
13.00
10.00
3.00
21.00
10.00
9.00
29.00
1.00
10.00
1.00
47.00
1.00
27.00
2.00
3.00
31.00
1.00
31.00
31.00
1.00
14.00
69.00
179.00
13.00
3.00
25.00
3.00
7.00
111.00
23.00
29.00
1.00
10.00
9.00
72.00
1.00
16.00
11.00
21.00
1.00
11.00
5.00
6.00
7.00
12.00
21.00
1.00
1.00
15.00
21.00
28.00
1.00
10.00
8.00
7.00
27.00
1.00
25.00
31.00
4.00
4.00
4.00
4.00
19.00
1.00
13.00
35.00
8.00
7.00
3.00
52.00
8.00
1.00
211.00
190.00
6.00
2.00
30.00
16.00
78.00
38.00
21.00
2.00
20.00
2.00
59.00
8.00
13.00
10.00
13.00
14.00
16.00
17.00
30.00
14.00
49.00
23.00
14.00
3.00
18.00
5.00
1.00
2.00
7.00
4.00
1.00
22.00
3.00
9.00
