40
31
20
2
0
0
0
0
4
4
6
13
14
41
28
7
0
0
0
0
0
8
35
40
12
3
14
0
0
0
0
0
5
7
13
56
19
13
21
18
0
0
0
0
0
5
15
25
34
32
11
1
0
0
0
0
0
21
6
68
12
6
33
2
2
0
0
0
4
6
7
22
37
19
2
2
9
0
0
0
0
4
14
30
17
20
22
0
0
0
0
0
1
19
14
9
33
30
0
3
1
0
0
0
0
1
21
10
26
5
2
0
0
0
0
0
0
10
16
44
58
39
15
0
0
0
0
0
16
12
6
36
50
13
12
9
5
0
0
0
2
4
30
34
47
21
13
19
0
0
0
0
1
0
4
30
9
6
15
1
0
0
0
0
2
10
35
13
12
9
28
9
0
0
0
0
0
6
0
31
7
1
1
0
0
0
0
0
0
7
24
0
19
3
8
10
0
0
0
0
3
9
18
19
29
21
2
0
0
0
0
0
0
3
28
22
35
5
13
7
0
0
0
0
5
8
18
34
51
18
24
13
0
0
0
0
14
7
8
13
40
0
4
12
0
0
0
0
0
15
13
20
49
15
18
13
0
0
0
0
0
22
51
25
17
17
6
3
0
0
0
0
1
8
14
67
19
37
43
4
0
0
0
0
0
5
8
36
53
33
16
0
0
0
0
0
5
12
22
40
11
22
17
9
0
0
0
0
1
4
36
44
41
43
8
4
0
0
0
0
0
13
9
23
20
9
12
18
1
0
0
0
0
6
16
37
15
1
2
0
0
0
0
0
4
8
15
20
66
43
9
6
3
0
0
0
2
4
11
26
