167.00
26.00
8.00
86.00
4.00
17.00
34.00
48.00
1.00
2.00
750.00
17.00
86.00
4.00
4.00
8.00
28.00
10.00
27.00
4.00
47.00
3.00
15.00
5.00
3.00
10.00
3.00
6.00
2.00
13.00
29.00
9.00
8.00
2.00
1.00
4.00
8.00
9.00
4.00
7.00
5.00
3.00
75.00
1.00
8.00
102.00
605.00
23.00
12.00
146.00
26.00
18.00
22.00
18.00
7.00
6.00
2.00
6.00
1.00
1.00
2.00
57.00
2.00
89.00
6.00
1.00
38.00
46.00
32.00
1.00
3.00
3.00
14.00
18.00
684.00
49.00
14.00
70.00
18.00
10.00
2.00
20.00
9.00
6.00
3.00
9.00
17.00
43.00
9.00
34.00
24.00
4.00
1.00
5.00
2.00
24.00
20.00
4.00
42.00
16.00
13.00
236.00
11.00
550.00
5.00
8.00
30.00
22.00
55.00
14.00
25.00
43.00
4.00
26.00
19.00
6.00
18.00
12.00
12.00
17.00
2.00
11.00
1.00
4.00
12.00
9.00
9.00
10.00
70.00
3.00
7.00
3.00
1.00
18.00
6.00
7.00
90.00
633.00
37.00
9.00
11.00
54.00
17.00
107.00
4.00
21.00
11.00
1.00
7.00
36.00
8.00
2.00
6.00
9.00
1.00
2.00
18.00
17.00
12.00
2.00
26.00
3.00
18.00
5.00
3.00
20.00
1.00
1.00
14.00
1.00
2.00
5.00
4.00
1.00
22.00
2.00
2.00
4.00
3.00
6.00
57.00
24.00
13.00
1.00
175.00
71.00
438.00
16.00
16.00
5.00
18.00
1.00
19.00
1.00
35.00
12.00
54.00
3.00
26.00
11.00
3.00
12.00
1.00
5.00
6.00
1.00
6.00
27.00
26.00
28.00
1.00
62.00
46.00
22.00
9.00
22.00
60.00
5.00
41.00
32.00
474.00
21.00
2.00
8.00
103.00
1.00
29.00
71.00
14.00
49.00
3.00
7.00
34.00
1.00
4.00
17.00
1.00
8.00
21.00
71.00
15.00
6.00
4.00
9.00
16.00
2.00
19.00
7.00
9.00
10.00
30.00
3.00
2.00
3.00
45.00
1.00
17.00
3.00
39.00
7.00
6.00
605.00
37.00
1.00
6.00
23.00
24.00
18.00
25.00
1.00
16.00
5.00
25.00
13.00
10.00
1.00
3.00
21.00
1.00
24.00
4.00
17.00
2.00
59.00
4.00
88.00
2.00
2.00
35.00
4.00
34.00
10.00
2.00
6.00
9.00
23.00
42.00
44.00
38.00
595.00
34.00
17.00
17.00
46.00
2.00
52.00
6.00
17.00
81.00
37.00
6.00
68.00
22.00
36.00
3.00
1.00
2.00
8.00
11.00
49.00
1.00
1.00
57.00
12.00
10.00
1.00
2.00
2.00
3.00
3.00
53.00
14.00
2.00
29.00
580.00
50.00
42.00
34.00
2.00
1.00
28.00
29.00
9.00
47.00
12.00
14.00
4.00
29.00
8.00
26.00
29.00
4.00
6.00
1.00
32.00
2.00
22.00
1.00
32.00
28.00
43.00
5.00
2.00
15.00
50.00
678.00
61.00
12.00
26.00
1.00
6.00
3.00
11.00
32.00
32.00
5.00
84.00
10.00
10.00
3.00
3.00
89.00
6.00
1.00
5.00
12.00
61.00
12.00
6.00
15.00
3.00
5.00
41.00
1.00
3.00
12.00
17.00
8.00
63.00
25.00
12.00
695.00
2.00
7.00
6.00
1.00
30.00
1.00
2.00
1.00
55.00
2.00
49.00
2.00
23.00
7.00
30.00
16.00
2.00
1.00
3.00
10.00
1.00
1.00
3.00
34.00
1.00
3.00
49.00
10.00
4.00
3.00
55.00
16.00
1.00
16.00
53.00
42.00
484.00
111.00
1.00
13.00
10.00
3.00
9.00
68.00
132.00
77.00
28.00
5.00
21.00
9.00
52.00
61.00
18.00
1.00
25.00
1.00
2.00
19.00
11.00
65.00
537.00
14.00
24.00
100.00
2.00
5.00
42.00
17.00
10.00
23.00
5.00
39.00
15.00
4.00
2.00
4.00
7.00
10.00
2.00
5.00
7.00
13.00
5.00
63.00
50.00
23.00
4.00
22.00
10.00
1.00
1.00
16.00
1.00
11.00
73.00
10.00
14.00
576.00
2.00
128.00
10.00
13.00
1.00
9.00
6.00
2.00
16.00
1.00
4.00
17.00
19.00
14.00
10.00
7.00
12.00
10.00
18.00
12.00
3.00
10.00
1.00
4.00
21.00
2.00
2.00
35.00
3.00
13.00
16.00
1.00
64.00
48.00
1.00
34.00
15.00
108.00
598.00
4.00
12.00
7.00
51.00
38.00
9.00
45.00
12.00
17.00
14.00
10.00
3.00
13.00
12.00
23.00
8.00
4.00
17.00
3.00
9.00
5.00
2.00
27.00
5.00
8.00
11.00
3.00
6.00
6.00
5.00
66.00
2.00
7.00
30.00
2.00
63.00
7.00
206.00
97.00
302.00
22.00
48.00
124.00
14.00
16.00
14.00
19.00
2.00
7.00
10.00
2.00
2.00
1.00
35.00
5.00
56.00
1.00
48.00
4.00
8.00
4.00
8.00
32.00
6.00
47.00
66.00
16.00
2.00
2.00
22.00
29.00
33.00
1.00
107.00
487.00
48.00
83.00
6.00
6.00
18.00
3.00
10.00
5.00
1.00
21.00
56.00
54.00
1.00
27.00
2.00
4.00
16.00
1.00
11.00
21.00
3.00
27.00
11.00
2.00
17.00
1.00
3.00
2.00
1.00
3.00
2.00
79.00
27.00
2.00
29.00
3.00
2.00
19.00
6.00
196.00
499.00
31.00
4.00
4.00
27.00
37.00
3.00
8.00
15.00
19.00
5.00
34.00
2.00
5.00
40.00
33.00
8.00
6.00
17.00
1.00
60.00
2.00
4.00
35.00
5.00
32.00
12.00
7.00
1.00
13.00
802.00
27.00
2.00
36.00
3.00
21.00
9.00
49.00
12.00
6.00
80.00
2.00
24.00
5.00
3.00
1.00
4.00
53.00
19.00
8.00
28.00
18.00
1.00
26.00
33.00
27.00
12.00
22.00
2.00
6.00
66.00
9.00
568.00
48.00
23.00
1.00
18.00
2.00
9.00
89.00
39.00
8.00
37.00
50.00
3.00
8.00
1.00
12.00
14.00
11.00
4.00
11.00
2.00
29.00
25.00
2.00
31.00
1.00
1.00
41.00
4.00
5.00
11.00
29.00
30.00
216.00
570.00
22.00
41.00
52.00
2.00
9.00
6.00
17.00
1.00
1.00
3.00
5.00
22.00
18.00
3.00
42.00
25.00
5.00
13.00
2.00
15.00
3.00
38.00
6.00
17.00
1.00
1.00
3.00
3.00
42.00
17.00
80.00
9.00
840.00
6.00
34.00
3.00
35.00
5.00
18.00
49.00
9.00
1.00
4.00
1.00
5.00
1.00
11.00
5.00
12.00
1.00
1.00
25.00
1.00
1.00
45.00
45.00
8.00
127.00
1.00
8.00
8.00
14.00
22.00
1.00
6.00
43.00
503.00
6.00
1.00
84.00
6.00
8.00
2.00
67.00
5.00
4.00
2.00
23.00
12.00
56.00
34.00
27.00
8.00
4.00
10.00
36.00
7.00
32.00
25.00
1.00
6.00
35.00
12.00
18.00
5.00
78.00
5.00
6.00
36.00
610.00
64.00
2.00
2.00
4.00
21.00
2.00
23.00
11.00
1.00
2.00
1.00
1.00
2.00
17.00
14.00
6.00
12.00
13.00
1.00
4.00
14.00
31.00
7.00
6.00
7.00
22.00
40.00
1.00
51.00
2.00
80.00
5.00
11.00
52.00
3.00
10.00
15.00
633.00
1.00
12.00
14.00
4.00
35.00
14.00
28.00
1.00
56.00
47.00
20.00
70.00
34.00
2.00
5.00
2.00
1.00
10.00
6.00
2.00
4.00
2.00
31.00
3.00
12.00
1.00
18.00
10.00
1.00
14.00
2.00
36.00
1.00
52.00
1.00
1.00
7.00
44.00
9.00
537.00
12.00
14.00
5.00
3.00
7.00
20.00
66.00
89.00
65.00
1.00
9.00
14.00
8.00
20.00
1.00
55.00
2.00
1.00
4.00
21.00
1.00
20.00
36.00
26.00
13.00
9.00
5.00
2.00
6.00
1.00
2.00
34.00
4.00
3.00
38.00
128.00
526.00
3.00
72.00
32.00
17.00
48.00
3.00
17.00
5.00
23.00
20.00
23.00
1.00
7.00
8.00
69.00
12.00
1.00
17.00
62.00
47.00
1.00
2.00
6.00
2.00
5.00
7.00
32.00
3.00
4.00
57.00
1.00
17.00
4.00
614.00
1.00
76.00
18.00
7.00
13.00
20.00
1.00
16.00
24.00
2.00
8.00
28.00
2.00
11.00
50.00
7.00
14.00
28.00
5.00
1.00
2.00
20.00
6.00
12.00
37.00
1.00
1.00
8.00
2.00
4.00
1.00
5.00
8.00
53.00
618.00
193.00
31.00
13.00
56.00
15.00
15.00
2.00
19.00
4.00
2.00
10.00
1.00
5.00
1.00
27.00
17.00
1.00
