0
40
3
9
2
2
2
8
0
3
4
14
30
55
23
0
0
0
5
2
16
9
7
43
16
16
47
4
0
0
1
1
23
23
43
34
46
7
0
9
1
0
2
0
27
17
47
29
58
5
16
2
0
2
0
0
16
25
19
25
33
58
28
10
1
9
4
12
2
5
31
16
35
16
50
10
5
0
3
2
31
42
17
66
15
29
16
13
0
5
1
1
17
23
69
28
7
5
34
5
3
0
3
4
4
15
22
23
23
30
35
17
1
2
1
1
7
25
8
48
22
21
33
0
1
0
0
9
7
30
12
15
19
18
32
13
5
0
0
5
3
19
33
14
63
25
21
0
0
0
2
6
24
24
4
11
36
30
26
4
0
4
2
10
35
31
37
44
23
33
30
15
1
3
1
26
22
10
45
20
36
26
12
6
0
1
2
23
9
11
34
42
36
37
8
4
10
6
3
9
8
5
29
1
18
21
17
0
4
0
17
3
20
25
4
72
25
24
8
6
3
5
5
9
7
36
24
23
8
23
15
1
1
2
6
9
12
37
8
24
25
14
18
6
0
1
2
19
47
1
11
80
35
23
13
2
5
1
3
3
0
2
26
23
33
44
20
1
7
0
4
12
0
1
13
29
45
9
4
35
1
0
13
3
29
30
46
10
7
58
9
17
8
3
3
8
11
47
46
19
45
12
10
17
3
10
5
1
37
45
0
14
66
72
23
19
1
0
0
14
46
8
25
63
52
59
21
42
11
8
0
15
6
12
23
29
8
26
25
21
14
0
6
7
9
22
44
10
36
29
27
0
1
0
14
9
23
24
27
45
