25.00
151.00
3.00
3.00
17.00
211.00
602.00
188.00
263.00
7.00
159.00
3.00
3.00
3.00
228.00
658.00
147.00
31.00
5.00
17.00
33.00
11.00
407.00
736.00
81.00
22.00
140.00
56.00
28.00
89.00
114.00
55.00
114.00
6.00
5.00
762.00
90.00
20.00
2.00
85.00
1.00
195.00
3.00
39.00
997.00
5.00
10.00
14.00
63.00
83.00
12.00
5.00
4.00
10.00
28.00
1.00
113.00
154.00
57.00
711.00
98.00
90.00
100.00
107.00
4.00
62.00
19.00
2.00
443.00
701.00
20.00
32.00
3.00
71.00
18.00
40.00
10.00
82.00
93.00
1.00
81.00
842.00
36.00
1.00
59.00
40.00
95.00
137.00
81.00
28.00
1119.00
14.00
42.00
165.00
1114.00
4.00
112.00
65.00
69.00
14.00
91.00
2.00
1.00
1.00
5.00
29.00
11.00
6.00
51.00
827.00
1.00
2.00
2.00
2.00
61.00
55.00
46.00
8.00
76.00
2.00
1.00
5.00
141.00
7.00
5.00
94.00
831.00
14.00
214.00
75.00
1.00
14.00
89.00
101.00
8.00
2.00
86.00
55.00
5.00
162.00
639.00
241.00
7.00
29.00
55.00
3.00
350.00
744.00
49.00
101.00
23.00
1.00
1.00
10.00
14.00
17.00
96.00
67.00
241.00
31.00
2.00
117.00
38.00
685.00
288.00
1210.00
5.00
31.00
27.00
10.00
294.00
235.00
1.00
723.00
98.00
2.00
100.00
351.00
822.00
227.00
43.00
30.00
3.00
50.00
1.00
85.00
6.00
58.00
4.00
153.00
816.00
2.00
107.00
140.00
59.00
63.00
13.00
46.00
71.00
122.00
802.00
22.00
116.00
12.00
72.00
19.00
59.00
71.00
29.00
12.00
321.00
2.00
736.00
93.00
16.00
29.00
169.00
43.00
5.00
38.00
30.00
319.00
748.00
4.00
44.00
16.00
74.00
16.00
3.00
195.00
1.00
973.00
7.00
193.00
25.00
2.00
3.00
3.00
12.00
4.00
5.00
203.00
7.00
1.00
125.00
7.00
851.00
95.00
22.00
64.00
1.00
7.00
106.00
4.00
2.00
6.00
131.00
65.00
831.00
104.00
21.00
74.00
8.00
25.00
87.00
156.00
87.00
8.00
764.00
11.00
107.00
88.00
64.00
12.00
22.00
28.00
6.00
4.00
141.00
128.00
52.00
912.00
27.00
10.00
153.00
60.00
85.00
113.00
171.00
804.00
96.00
14.00
80.00
2.00
17.00
13.00
5.00
1045.00
155.00
5.00
56.00
28.00
44.00
90.00
71.00
49.00
5.00
8.00
9.00
1.00
9.00
883.00
244.00
86.00
1.00
