4
10
0
1
0
0
0
0
2
0
2
0
4
17
0
2
0
0
0
0
0
6
21
6
0
0
3
0
0
0
0
0
5
7
1
23
4
3
9
4
0
0
0
0
0
4
5
14
11
11
0
0
0
0
0
0
0
14
2
32
2
0
2
0
0
0
0
0
2
6
4
9
19
0
0
0
9
0
0
0
0
0
11
9
2
6
1
0
0
0
0
0
0
14
4
5
7
9
0
0
0
0
0
0
0
0
12
7
3
0
0
0
0
0
0
0
0
6
2
20
26
16
6
0
0
0
0
0
15
8
4
10
20
2
0
0
0
0
0
0
2
0
18
7
15
1
4
2
0
0
0
0
2
0
2
12
0
0
6
0
0
0
0
0
2
7
19
5
6
0
10
3
0
0
0
0
0
4
0
2
0
0
0
0
0
0
0
0
0
3
16
0
1
0
5
0
0
0
0
0
3
6
6
0
0
5
0
0
0
0
0
0
2
0
11
3
19
0
1
0
0
0
0
0
6
3
1
5
7
0
1
0
0
0
0
0
8
3
7
8
16
0
0
7
0
0
0
0
0
10
4
10
13
0
0
1
0
0
0
0
0
16
40
12
0
7
0
0
0
0
0
0
0
6
9
44
0
11
7
0
0
0
0
0
0
3
5
11
12
1
3
0
0
0
0
0
4
9
9
21
0
3
6
0
0
0
0
0
5
2
11
29
1
12
1
0
0
0
0
0
0
11
6
5
6
1
0
3
0
0
0
0
0
3
9
14
0
0
0
0
0
0
0
0
2
6
5
2
16
2
0
0
0
0
0
0
1
0
2
6
