14.00
2.00
3.00
20.00
1.00
2.00
1.00
5.00
2.00
2.00
2.00
2.00
2.00
2.00
2.00
4.00
1.00
2.00
4.00
2.00
2.00
10.00
3.00
5.00
1.00
2.00
1.00
2.00
5.00
8.00
3.00
2.00
16.00
1.00
2.00
1.00
23.00
7.00
1.00
1.00
1.00
1.00
1.00
1.00
18.00
2.00
1.00
2.00
2.00
2.00
2.00
1.00
6.00
10.00
5.00
1.00
4.00
3.00
1.00
1.00
4.00
24.00
2.00
6.00
1.00
2.00
2.00
15.00
1.00
1.00
9.00
6.00
2.00
4.00
3.00
11.00
9.00
13.00
4.00
1.00
3.00
1.00
1.00
1.00
7.00
5.00
1.00
2.00
5.00
3.00
3.00
6.00
1.00
13.00
2.00
6.00
25.00
2.00
5.00
7.00
14.00
9.00
1.00
25.00
1.00
23.00
3.00
1.00
4.00
2.00
2.00
1.00
1.00
1.00
4.00
1.00
2.00
1.00
2.00
3.00
8.00
11.00
2.00
2.00
4.00
7.00
3.00
1.00
11.00
17.00
6.00
11.00
16.00
2.00
5.00
4.00
1.00
3.00
24.00
15.00
7.00
12.00
5.00
6.00
3.00
1.00
5.00
1.00
2.00
1.00
1.00
9.00
3.00
3.00
1.00
4.00
3.00
12.00
5.00
1.00
1.00
15.00
3.00
2.00
1.00
7.00
5.00
3.00
6.00
1.00
1.00
16.00
8.00
7.00
1.00
2.00
7.00
7.00
26.00
1.00
2.00
4.00
1.00
8.00
4.00
1.00
8.00
3.00
12.00
1.00
1.00
6.00
1.00
1.00
1.00
2.00
1.00
5.00
1.00
1.00
1.00
1.00
1.00
6.00
4.00
2.00
2.00
1.00
4.00
13.00
2.00
1.00
15.00
1.00
7.00
4.00
1.00
1.00
1.00
1.00
4.00
3.00
1.00
3.00
13.00
8.00
1.00
3.00
15.00
1.00
1.00
21.00
27.00
1.00
9.00
1.00
4.00
3.00
2.00
1.00
2.00
27.00
1.00
1.00
2.00
7.00
3.00
4.00
1.00
3.00
3.00
18.00
9.00
5.00
2.00
1.00
16.00
1.00
9.00
37.00
17.00
1.00
3.00
6.00
6.00
1.00
1.00
1.00
1.00
3.00
3.00
3.00
1.00
2.00
2.00
1.00
2.00
4.00
10.00
3.00
1.00
2.00
2.00
1.00
2.00
2.00
1.00
1.00
1.00
3.00
3.00
2.00
1.00
1.00
1.00
4.00
1.00
9.00
5.00
6.00
2.00
1.00
2.00
3.00
2.00
2.00
24.00
27.00
12.00
11.00
2.00
1.00
3.00
5.00
2.00
1.00
2.00
5.00
3.00
1.00
1.00
3.00
10.00
1.00
1.00
4.00
17.00
3.00
3.00
1.00
2.00
4.00
1.00
3.00
4.00
3.00
1.00
2.00
5.00
2.00
2.00
7.00
1.00
10.00
6.00
3.00
12.00
2.00
7.00
3.00
1.00
2.00
3.00
2.00
4.00
1.00
26.00
2.00
1.00
1.00
1.00
4.00
2.00
1.00
8.00
1.00
10.00
8.00
4.00
2.00
2.00
1.00
7.00
1.00
1.00
1.00
1.00
1.00
1.00
2.00
1.00
1.00
3.00
1.00
24.00
1.00
2.00
1.00
4.00
3.00
14.00
10.00
20.00
1.00
3.00
1.00
1.00
4.00
1.00
3.00
2.00
2.00
3.00
1.00
1.00
1.00
3.00
1.00
2.00
12.00
2.00
3.00
3.00
21.00
1.00
2.00
1.00
2.00
1.00
1.00
5.00
2.00
1.00
4.00
3.00
9.00
4.00
1.00
8.00
1.00
7.00
8.00
3.00
1.00
2.00
7.00
6.00
10.00
3.00
1.00
2.00
3.00
1.00
2.00
2.00
12.00
1.00
11.00
1.00
1.00
1.00
7.00
4.00
1.00
6.00
1.00
1.00
2.00
7.00
2.00
1.00
1.00
2.00
1.00
1.00
1.00
1.00
2.00
2.00
1.00
1.00
5.00
1.00
6.00
12.00
2.00
1.00
2.00
20.00
2.00
8.00
4.00
2.00
15.00
3.00
10.00
14.00
10.00
8.00
2.00
1.00
1.00
1.00
3.00
2.00
3.00
5.00
2.00
1.00
7.00
7.00
3.00
3.00
6.00
2.00
1.00
1.00
6.00
1.00
1.00
4.00
27.00
8.00
2.00
1.00
4.00
1.00
1.00
1.00
1.00
8.00
2.00
1.00
1.00
33.00
1.00
1.00
11.00
19.00
1.00
10.00
10.00
5.00
1.00
2.00
1.00
1.00
3.00
2.00
3.00
5.00
1.00
1.00
1.00
2.00
3.00
2.00
2.00
25.00
3.00
7.00
3.00
17.00
1.00
1.00
25.00
1.00
3.00
1.00
6.00
2.00
11.00
28.00
3.00
10.00
5.00
8.00
16.00
2.00
15.00
8.00
7.00
2.00
3.00
10.00
1.00
1.00
1.00
2.00
1.00
5.00
4.00
1.00
2.00
1.00
1.00
2.00
3.00
11.00
1.00
1.00
3.00
1.00
1.00
3.00
2.00
8.00
4.00
8.00
2.00
3.00
5.00
7.00
10.00
1.00
4.00
7.00
6.00
1.00
2.00
5.00
2.00
1.00
2.00
2.00
1.00
1.00
1.00
2.00
2.00
8.00
9.00
1.00
21.00
5.00
2.00
2.00
1.00
21.00
7.00
3.00
2.00
1.00
1.00
1.00
2.00
1.00
1.00
2.00
1.00
1.00
5.00
2.00
1.00
10.00
3.00
7.00
1.00
1.00
3.00
8.00
22.00
2.00
17.00
1.00
9.00
1.00
1.00
22.00
1.00
9.00
1.00
1.00
2.00
1.00
4.00
9.00
3.00
3.00
3.00
26.00
5.00
3.00
3.00
6.00
2.00
2.00
2.00
6.00
2.00
2.00
1.00
1.00
1.00
3.00
3.00
1.00
4.00
4.00
3.00
2.00
2.00
1.00
3.00
2.00
5.00
8.00
3.00
4.00
9.00
1.00
2.00
1.00
4.00
1.00
6.00
1.00
2.00
1.00
21.00
3.00
8.00
2.00
1.00
1.00
2.00
4.00
4.00
10.00
2.00
1.00
2.00
1.00
5.00
8.00
2.00
4.00
1.00
3.00
10.00
6.00
6.00
7.00
1.00
66.00
2.00
5.00
14.00
3.00
1.00
2.00
15.00
1.00
1.00
5.00
2.00
1.00
3.00
2.00
2.00
6.00
1.00
2.00
4.00
1.00
2.00
1.00
1.00
1.00
2.00
1.00
1.00
3.00
1.00
1.00
2.00
3.00
1.00
1.00
3.00
4.00
1.00
4.00
1.00
8.00
15.00
3.00
10.00
1.00
7.00
1.00
2.00
5.00
2.00
1.00
15.00
3.00
2.00
3.00
8.00
7.00
4.00
19.00
1.00
1.00
1.00
1.00
5.00
1.00
1.00
7.00
1.00
2.00
3.00
2.00
1.00
4.00
21.00
4.00
5.00
2.00
1.00
4.00
2.00
2.00
3.00
1.00
2.00
1.00
12.00
9.00
1.00
3.00
5.00
1.00
3.00
8.00
12.00
1.00
1.00
2.00
1.00
5.00
8.00
5.00
1.00
4.00
1.00
1.00
1.00
1.00
1.00
2.00
1.00
1.00
1.00
1.00
7.00
6.00
10.00
1.00
16.00
1.00
1.00
1.00
17.00
1.00
4.00
1.00
1.00
17.00
13.00
5.00
2.00
1.00
12.00
4.00
19.00
2.00
4.00
6.00
12.00
2.00
13.00
8.00
2.00
2.00
2.00
1.00
2.00
14.00
4.00
1.00
1.00
7.00
1.00
1.00
1.00
2.00
1.00
1.00
1.00
1.00
1.00
1.00
2.00
1.00
2.00
10.00
6.00
7.00
1.00
2.00
6.00
4.00
2.00
5.00
6.00
9.00
1.00
1.00
1.00
7.00
13.00
3.00
11.00
1.00
10.00
1.00
19.00
10.00
10.00
1.00
1.00
2.00
1.00
1.00
2.00
1.00
2.00
1.00
1.00
6.00
1.00
4.00
1.00
1.00
6.00
3.00
3.00
3.00
1.00
1.00
9.00
1.00
4.00
21.00
1.00
1.00
1.00
1.00
15.00
9.00
6.00
1.00
4.00
4.00
1.00
3.00
5.00
5.00
15.00
7.00
3.00
1.00
13.00
1.00
2.00
2.00
23.00
1.00
3.00
11.00
1.00
2.00
6.00
3.00
3.00
4.00
1.00
4.00
16.00
3.00
19.00
2.00
1.00
1.00
8.00
1.00
4.00
1.00
2.00
16.00
8.00
20.00
18.00
2.00
3.00
1.00
4.00
3.00
6.00
2.00
2.00
3.00
2.00
2.00
1.00
2.00
2.00
1.00
3.00
4.00
1.00
1.00
2.00
3.00
5.00
2.00
37.00
4.00
3.00
4.00
25.00
4.00
9.00
1.00
1.00
1.00
2.00
1.00
6.00
2.00
1.00
4.00
27.00
1.00
7.00
10.00
4.00
1.00
2.00
10.00
2.00
3.00
4.00
1.00
3.00
2.00
1.00
5.00
3.00
3.00
1.00
1.00
6.00
1.00
2.00
1.00
1.00
1.00
1.00
1.00
2.00
1.00
1.00
1.00
8.00
1.00
8.00
4.00
2.00
2.00
2.00
12.00
21.00
1.00
1.00
1.00
3.00
2.00
1.00
1.00
10.00
2.00
1.00
5.00
1.00
1.00
18.00
1.00
9.00
18.00
5.00
10.00
8.00
1.00
22.00
46.00
2.00
1.00
1.00
6.00
2.00
12.00
2.00
1.00
2.00
1.00
6.00
1.00
2.00
5.00
1.00
1.00
1.00
4.00
8.00
2.00
5.00
1.00
7.00
2.00
19.00
10.00
2.00
4.00
4.00
21.00
1.00
1.00
1.00
1.00
21.00
7.00
12.00
2.00
27.00
46.00
49.00
1.00
6.00
3.00
6.00
14.00
1.00
1.00
7.00
3.00
14.00
1.00
3.00
6.00
3.00
4.00
4.00
3.00
3.00
1.00
1.00
1.00
4.00
1.00
1.00
5.00
1.00
1.00
1.00
1.00
1.00
5.00
4.00
2.00
1.00
3.00
8.00
21.00
2.00
13.00
1.00
8.00
4.00
1.00
1.00
1.00
1.00
1.00
3.00
19.00
7.00
1.00
1.00
1.00
3.00
3.00
1.00
2.00
14.00
2.00
5.00
2.00
1.00
2.00
3.00
12.00
9.00
1.00
4.00
1.00
1.00
7.00
2.00
1.00
3.00
1.00
1.00
1.00
1.00
3.00
2.00
7.00
2.00
2.00
3.00
2.00
9.00
3.00
6.00
2.00
10.00
1.00
13.00
2.00
1.00
5.00
2.00
15.00
1.00
7.00
3.00
10.00
13.00
6.00
6.00
4.00
5.00
7.00
5.00
3.00
2.00
1.00
4.00
1.00
9.00
1.00
3.00
1.00
5.00
5.00
12.00
5.00
1.00
3.00
1.00
3.00
5.00
2.00
4.00
3.00
7.00
6.00
6.00
1.00
2.00
5.00
6.00
1.00
8.00
18.00
6.00
7.00
3.00
2.00
