167.00
2.00
36.00
1101.00
84.00
78.00
112.00
1.00
2.00
19.00
9.00
144.00
772.00
176.00
23.00
36.00
2.00
42.00
212.00
906.00
143.00
1.00
70.00
73.00
47.00
51.00
1.00
60.00
5.00
67.00
910.00
9.00
32.00
5.00
26.00
58.00
16.00
30.00
46.00
8.00
2.00
3.00
149.00
3.00
3.00
3.00
1.00
43.00
913.00
37.00
10.00
68.00
137.00
36.00
3.00
138.00
2.00
131.00
6.00
3.00
39.00
904.00
65.00
27.00
56.00
2.00
226.00
109.00
7.00
93.00
33.00
661.00
10.00
141.00
95.00
110.00
41.00
7.00
21.00
356.00
669.00
161.00
60.00
21.00
60.00
343.00
91.00
3.00
689.00
189.00
18.00
81.00
41.00
79.00
88.00
4.00
1.00
2.00
32.00
149.00
22.00
709.00
136.00
235.00
193.00
973.00
4.00
3.00
11.00
8.00
85.00
135.00
5.00
1199.00
56.00
15.00
59.00
2.00
3.00
2.00
59.00
39.00
81.00
2.00
3.00
33.00
963.00
25.00
16.00
370.00
8.00
5.00
160.00
8.00
66.00
674.00
87.00
17.00
18.00
47.00
18.00
12.00
8.00
31.00
74.00
23.00
16.00
1.00
23.00
19.00
2.00
16.00
1.00
21.00
114.00
64.00
134.00
841.00
19.00
20.00
32.00
5.00
6.00
32.00
156.00
9.00
75.00
57.00
799.00
103.00
28.00
54.00
105.00
4.00
1.00
37.00
18.00
55.00
3.00
98.00
73.00
5.00
122.00
977.00
21.00
1.00
9.00
231.00
104.00
1.00
7.00
843.00
82.00
261.00
13.00
4.00
3.00
173.00
6.00
2.00
12.00
172.00
777.00
2.00
3.00
9.00
40.00
4.00
409.00
87.00
851.00
42.00
11.00
35.00
198.00
27.00
1061.00
32.00
243.00
18.00
56.00
24.00
6.00
40.00
39.00
1.00
140.00
5.00
909.00
44.00
57.00
19.00
8.00
73.00
76.00
4.00
30.00
61.00
53.00
52.00
95.00
943.00
36.00
7.00
38.00
119.00
1.00
2.00
72.00
3.00
7.00
910.00
106.00
124.00
5.00
324.00
2.00
3.00
18.00
53.00
870.00
13.00
79.00
5.00
5.00
5.00
4.00
12.00
26.00
84.00
42.00
1.00
3.00
15.00
281.00
733.00
6.00
35.00
6.00
35.00
50.00
248.00
1.00
46.00
19.00
108.00
86.00
784.00
186.00
111.00
1.00
58.00
89.00
5.00
9.00
33.00
3.00
988.00
82.00
135.00
213.00
29.00
959.00
81.00
25.00
62.00
169.00
88.00
9.00
1071.00
112.00
46.00
22.00
64.00
