23
40
2
12
1
3
0
29
8
9
21
31
61
59
33
5
0
0
16
7
23
36
55
78
36
28
35
16
7
1
1
11
59
30
76
40
68
32
4
22
2
0
0
7
41
59
55
36
54
38
29
7
1
2
0
10
36
36
24
27
34
79
28
31
2
25
25
7
12
59
43
36
51
19
59
43
6
0
8
21
44
47
25
54
32
39
24
10
8
6
11
13
39
34
71
30
29
48
32
13
17
1
15
10
26
23
28
26
36
33
43
13
15
5
12
17
8
36
23
43
36
22
22
1
4
0
0
38
41
75
23
33
48
28
24
40
3
0
5
22
27
44
42
39
71
26
20
16
1
2
4
6
48
18
7
26
44
22
29
5
9
2
7
36
49
45
53
105
47
31
47
14
0
0
4
16
22
58
61
32
59
39
24
19
0
2
1
16
35
26
55
65
35
43
35
8
2
18
1
19
31
21
40
21
29
25
40
16
4
3
25
6
14
30
32
76
42
36
24
6
8
4
2
14
18
66
45
30
37
41
19
8
2
1
29
21
17
51
33
53
39
23
22
8
1
3
10
7
55
9
30
78
35
28
19
6
7
0
11
5
29
36
47
49
22
43
26
6
6
2
4
20
12
6
24
42
44
26
24
51
5
0
8
0
37
68
77
21
28
50
21
28
15
0
0
21
4
46
99
39
50
15
19
17
9
5
0
8
37
35
27
15
51
67
32
29
8
0
0
12
42
18
34
82
63
73
45
52
15
5
6
9
3
17
38
37
39
32
26
32
18
0
16
17
24
36
53
35
35
46
31
0
6
0
12
8
11
18
17
61
