14.00
6.00
1.00
11.00
23.00
1.00
6.00
10.00
80.00
14.00
115.00
11.00
15.00
63.00
455.00
143.00
5.00
20.00
63.00
85.00
280.00
148.00
20.00
32.00
8.00
16.00
158.00
22.00
81.00
469.00
81.00
117.00
16.00
9.00
20.00
9.00
3.00
10.00
24.00
2.00
51.00
14.00
10.00
86.00
23.00
63.00
142.00
16.00
101.00
480.00
7.00
49.00
31.00
29.00
32.00
41.00
19.00
4.00
40.00
96.00
1.00
37.00
16.00
1.00
15.00
4.00
3.00
13.00
13.00
42.00
3.00
29.00
65.00
1.00
52.00
23.00
96.00
78.00
56.00
160.00
234.00
2.00
59.00
119.00
38.00
4.00
2.00
69.00
7.00
20.00
89.00
30.00
10.00
22.00
4.00
107.00
5.00
3.00
1.00
22.00
3.00
10.00
29.00
76.00
25.00
6.00
852.00
2.00
1.00
4.00
11.00
43.00
1.00
6.00
75.00
3.00
14.00
7.00
8.00
5.00
9.00
5.00
34.00
77.00
11.00
60.00
71.00
3.00
19.00
25.00
3.00
59.00
130.00
2.00
317.00
155.00
19.00
111.00
197.00
100.00
1.00
1.00
2.00
6.00
16.00
36.00
16.00
85.00
22.00
4.00
53.00
264.00
100.00
381.00
74.00
84.00
1.00
16.00
40.00
17.00
11.00
10.00
13.00
1.00
68.00
5.00
10.00
12.00
21.00
3.00
4.00
30.00
3.00
24.00
18.00
1.00
85.00
1.00
1.00
14.00
62.00
1.00
30.00
6.00
30.00
67.00
24.00
201.00
430.00
30.00
3.00
4.00
8.00
5.00
5.00
90.00
8.00
29.00
1.00
60.00
110.00
27.00
6.00
2.00
8.00
2.00
46.00
4.00
11.00
2.00
1.00
2.00
16.00
45.00
220.00
16.00
97.00
4.00
7.00
263.00
125.00
260.00
53.00
3.00
2.00
30.00
18.00
4.00
7.00
129.00
6.00
50.00
65.00
154.00
709.00
143.00
68.00
24.00
11.00
25.00
9.00
30.00
8.00
2.00
1.00
39.00
5.00
5.00
2.00
55.00
3.00
21.00
4.00
1.00
5.00
1.00
27.00
10.00
4.00
4.00
52.00
1.00
18.00
13.00
8.00
63.00
1.00
130.00
193.00
2.00
135.00
15.00
221.00
7.00
22.00
4.00
26.00
24.00
1.00
21.00
1.00
42.00
86.00
4.00
42.00
65.00
19.00
4.00
4.00
100.00
112.00
1.00
142.00
88.00
67.00
404.00
4.00
5.00
85.00
131.00
38.00
3.00
9.00
12.00
12.00
12.00
9.00
1.00
3.00
21.00
4.00
12.00
34.00
1.00
18.00
26.00
4.00
5.00
2.00
29.00
23.00
22.00
53.00
97.00
20.00
25.00
5.00
3.00
453.00
155.00
1.00
26.00
136.00
98.00
8.00
30.00
14.00
19.00
11.00
3.00
2.00
22.00
1.00
82.00
79.00
16.00
95.00
12.00
13.00
7.00
599.00
23.00
57.00
56.00
49.00
90.00
15.00
1.00
10.00
9.00
14.00
4.00
82.00
9.00
1.00
54.00
123.00
12.00
1.00
86.00
1.00
2.00
27.00
3.00
114.00
16.00
19.00
389.00
8.00
269.00
2.00
10.00
11.00
28.00
84.00
42.00
32.00
11.00
18.00
6.00
16.00
6.00
1.00
3.00
56.00
3.00
80.00
235.00
470.00
2.00
355.00
1.00
4.00
21.00
41.00
264.00
1.00
1.00
16.00
81.00
17.00
129.00
17.00
78.00
105.00
106.00
26.00
352.00
26.00
15.00
78.00
1.00
1.00
71.00
9.00
4.00
26.00
7.00
6.00
54.00
21.00
29.00
38.00
20.00
64.00
79.00
2.00
16.00
2.00
128.00
332.00
82.00
1.00
238.00
143.00
92.00
3.00
1.00
54.00
4.00
32.00
6.00
12.00
12.00
15.00
7.00
13.00
14.00
1.00
71.00
119.00
26.00
24.00
69.00
33.00
39.00
7.00
246.00
387.00
11.00
22.00
28.00
25.00
6.00
1.00
65.00
39.00
14.00
6.00
8.00
17.00
11.00
2.00
49.00
4.00
10.00
32.00
7.00
13.00
15.00
10.00
2.00
55.00
1.00
1.00
13.00
26.00
20.00
117.00
621.00
54.00
18.00
12.00
64.00
31.00
9.00
1.00
32.00
21.00
12.00
19.00
15.00
22.00
93.00
27.00
22.00
318.00
441.00
145.00
59.00
14.00
63.00
1.00
1.00
6.00
25.00
25.00
32.00
18.00
16.00
36.00
109.00
37.00
5.00
5.00
23.00
35.00
25.00
20.00
21.00
19.00
83.00
22.00
59.00
27.00
45.00
750.00
1.00
14.00
2.00
15.00
4.00
36.00
3.00
22.00
34.00
1.00
9.00
10.00
6.00
66.00
59.00
12.00
51.00
4.00
93.00
41.00
147.00
3.00
42.00
531.00
2.00
103.00
1.00
87.00
27.00
19.00
58.00
19.00
5.00
3.00
2.00
4.00
4.00
56.00
68.00
4.00
1.00
15.00
37.00
1.00
1.00
2.00
55.00
14.00
48.00
3.00
20.00
4.00
25.00
5.00
1.00
34.00
592.00
9.00
64.00
21.00
109.00
21.00
21.00
20.00
16.00
24.00
18.00
5.00
3.00
9.00
6.00
3.00
11.00
67.00
1.00
7.00
10.00
12.00
2.00
13.00
2.00
12.00
11.00
35.00
2.00
10.00
8.00
34.00
4.00
811.00
13.00
2.00
78.00
9.00
2.00
3.00
83.00
3.00
3.00
27.00
40.00
33.00
1.00
73.00
31.00
67.00
26.00
13.00
8.00
12.00
16.00
4.00
101.00
4.00
48.00
61.00
23.00
207.00
303.00
3.00
4.00
1.00
2.00
104.00
1.00
80.00
72.00
11.00
2.00
5.00
5.00
2.00
14.00
4.00
31.00
6.00
9.00
51.00
22.00
3.00
64.00
35.00
5.00
4.00
115.00
17.00
248.00
92.00
362.00
55.00
50.00
6.00
2.00
38.00
43.00
19.00
15.00
51.00
22.00
36.00
8.00
2.00
32.00
44.00
32.00
73.00
33.00
19.00
111.00
671.00
206.00
1.00
23.00
97.00
14.00
1.00
2.00
1.00
49.00
12.00
11.00
54.00
2.00
55.00
494.00
351.00
1.00
140.00
4.00
51.00
1.00
12.00
13.00
29.00
8.00
40.00
3.00
15.00
13.00
19.00
18.00
1.00
1.00
8.00
3.00
9.00
14.00
9.00
6.00
11.00
5.00
2.00
1.00
33.00
1.00
30.00
1.00
7.00
84.00
1.00
71.00
104.00
473.00
31.00
243.00
71.00
101.00
