40
29
24
10
0
0
8
0
24
7
22
28
16
38
36
11
10
0
3
6
6
14
53
57
9
14
15
0
0
0
0
14
23
34
15
65
22
18
32
30
18
2
1
1
2
33
31
39
35
32
23
5
1
2
24
2
14
37
15
74
12
10
38
12
10
0
3
3
21
17
11
22
37
14
2
25
11
2
0
7
15
16
23
42
26
18
20
4
2
6
0
1
9
42
27
24
42
28
2
8
5
0
1
3
1
5
33
13
29
11
7
11
0
0
12
0
26
19
38
53
63
44
17
0
8
3
8
0
26
30
18
39
62
10
10
16
22
4
0
4
17
12
44
43
53
16
13
18
0
11
1
0
17
3
13
37
9
8
14
7
0
0
0
3
17
21
49
10
12
14
34
16
0
0
2
0
3
21
12
45
18
8
8
0
0
0
0
4
3
32
36
0
24
5
18
24
1
4
0
10
7
11
57
29
28
16
7
1
0
1
2
1
7
9
39
31
42
6
21
18
0
5
2
6
21
46
23
56
54
26
35
35
0
0
0
0
34
36
29
19
38
0
12
18
1
1
9
4
20
47
35
32
53
25
23
20
0
0
0
2
12
31
57
35
26
20
13
8
0
0
3
0
19
15
24
75
30
38
53
19
1
6
0
4
25
19
21
44
55
33
19
1
0
0
1
10
12
39
39
51
22
20
20
15
3
13
3
0
34
35
40
53
37
43
14
5
3
10
0
0
9
30
19
32
22
10
24
22
3
0
0
0
0
13
41
43
22
2
6
2
0
4
0
1
15
30
27
29
71
43
16
7
14
1
0
0
11
9
28
38
