0
41
4
8
0
0
0
0
0
4
8
17
30
60
26
3
0
0
0
0
8
3
29
66
14
17
39
7
0
0
0
0
7
14
53
19
62
30
1
3
2
0
0
0
20
30
36
27
68
20
26
5
0
0
0
0
17
11
16
34
38
70
33
15
1
1
0
0
0
41
32
31
33
19
57
7
3
0
0
0
15
15
18
62
17
32
24
13
0
0
0
0
13
25
64
26
19
15
33
9
0
0
0
0
5
6
21
24
39
48
35
13
0
0
0
0
2
19
16
43
26
19
29
0
0
0
0
0
5
51
14
28
23
24
26
10
0
0
0
0
0
28
45
34
71
29
22
5
0
0
0
2
20
19
1
17
46
30
31
1
0
0
0
9
20
39
48
95
48
41
38
6
0
0
0
0
12
21
59
22
50
38
19
3
0
0
0
0
8
17
36
42
39
40
21
3
1
1
0
0
5
6
48
12
29
22
18
3
3
0
0
0
6
24
20
75
40
48
20
7
2
0
0
0
3
52
14
28
27
28
14
0
0
0
0
0
7
32
10
38
28
22
25
4
0
0
0
1
20
5
26
78
44
37
16
0
2
0
0
0
0
9
43
33
37
50
29
2
0
0
0
0
0
0
28
33
51
14
8
34
1
0
0
0
16
23
60
20
19
58
10
20
0
0
0
0
2
36
97
27
55
16
17
15
0
0
0
0
20
24
7
10
68
68
33
20
0
0
0
0
24
3
22
73
63
67
34
39
1
1
0
0
0
7
18
23
23
37
33
29
14
0
0
0
0
17
43
15
49
35
32
0
0
0
0
1
0
9
19
46
