0
10
0
0
0
0
0
0
0
0
1
7
1
14
1
0
0
0
0
0
1
2
7
17
0
3
0
0
0
0
0
0
3
4
10
2
15
1
0
0
0
0
0
0
15
16
22
6
27
0
0
0
0
0
0
0
14
7
5
3
6
24
0
0
0
0
0
0
0
8
13
0
4
4
24
0
0
0
0
0
9
5
1
18
8
0
0
1
0
0
0
0
2
5
36
1
0
0
6
0
0
0
0
0
4
0
12
16
13
12
4
0
0
0
0
0
1
4
0
10
0
4
0
0
0
0
0
0
0
17
1
4
0
0
0
0
0
0
0
0
0
3
17
10
13
0
0
0
0
0
0
0
15
14
0
0
8
4
1
0
0
0
0
1
3
25
7
48
7
7
1
0
0
0
0
0
0
11
19
0
9
4
0
0
0
0
0
0
7
6
14
11
3
10
2
0
0
0
0
0
0
0
12
0
5
10
0
0
0
0
0
0
3
2
0
28
0
13
2
0
0
0
0
0
0
28
0
0
0
5
0
0
0
0
0
0
2
13
0
6
0
0
0
0
0
0
0
0
9
0
4
15
13
3
0
0
0
0
0
0
0
3
15
3
6
7
5
0
0
0
0
0
0
0
13
6
19
0
0
0
0
0
0
0
7
3
15
0
0
20
0
0
0
0
0
0
0
11
56
2
11
0
2
0
0
0
0
0
6
14
0
2
7
2
2
0
0
0
0
0
1
0
10
18
11
18
0
0
0
0
0
0
0
3
5
2
0
3
0
0
0
0
0
0
0
7
4
0
9
1
0
0
0
0
0
0
0
1
3
8
