15.00
5.00
20.00
8.00
1.00
54.00
2.00
17.00
1.00
11.00
17.00
1.00
47.00
40.00
1.00
2.00
12.00
52.00
24.00
87.00
238.00
7.00
70.00
2.00
140.00
4.00
1.00
6.00
83.00
9.00
72.00
7.00
30.00
24.00
22.00
5.00
3.00
54.00
46.00
3.00
4.00
43.00
12.00
10.00
1.00
55.00
10.00
4.00
2.00
1.00
12.00
5.00
5.00
3.00
3.00
74.00
76.00
11.00
1.00
41.00
1.00
11.00
16.00
16.00
104.00
101.00
1.00
164.00
8.00
1.00
3.00
44.00
1.00
15.00
48.00
1.00
62.00
11.00
36.00
28.00
11.00
11.00
8.00
1.00
4.00
4.00
6.00
29.00
2.00
7.00
7.00
90.00
15.00
5.00
17.00
43.00
5.00
3.00
19.00
5.00
1.00
70.00
16.00
8.00
252.00
322.00
33.00
56.00
18.00
2.00
15.00
5.00
1.00
22.00
12.00
3.00
12.00
39.00
70.00
15.00
38.00
4.00
15.00
5.00
34.00
4.00
6.00
29.00
26.00
17.00
12.00
3.00
24.00
19.00
10.00
18.00
38.00
28.00
2.00
10.00
27.00
29.00
5.00
3.00
10.00
2.00
17.00
1.00
3.00
2.00
1.00
25.00
5.00
57.00
18.00
4.00
2.00
1.00
36.00
86.00
26.00
37.00
145.00
52.00
60.00
3.00
39.00
5.00
2.00
7.00
45.00
18.00
1.00
56.00
6.00
2.00
5.00
2.00
6.00
33.00
77.00
4.00
4.00
3.00
19.00
4.00
16.00
64.00
10.00
11.00
4.00
20.00
7.00
88.00
39.00
65.00
87.00
15.00
92.00
166.00
16.00
25.00
3.00
1.00
15.00
17.00
1.00
111.00
2.00
4.00
8.00
36.00
10.00
32.00
39.00
5.00
6.00
3.00
1.00
2.00
7.00
7.00
12.00
56.00
9.00
1.00
8.00
13.00
54.00
27.00
2.00
33.00
14.00
16.00
2.00
7.00
6.00
1.00
5.00
11.00
3.00
4.00
19.00
31.00
5.00
45.00
17.00
4.00
321.00
7.00
97.00
1.00
5.00
27.00
2.00
1.00
2.00
22.00
10.00
19.00
3.00
5.00
7.00
21.00
47.00
4.00
5.00
24.00
14.00
76.00
1.00
57.00
24.00
1.00
5.00
6.00
3.00
5.00
26.00
8.00
12.00
8.00
2.00
1.00
78.00
4.00
2.00
6.00
10.00
4.00
130.00
1.00
15.00
12.00
26.00
3.00
2.00
22.00
63.00
13.00
53.00
70.00
1.00
201.00
47.00
82.00
7.00
1.00
17.00
19.00
3.00
50.00
28.00
6.00
18.00
8.00
7.00
8.00
13.00
6.00
10.00
20.00
10.00
2.00
42.00
3.00
11.00
3.00
1.00
10.00
19.00
3.00
5.00
17.00
7.00
17.00
1.00
12.00
7.00
23.00
2.00
32.00
7.00
12.00
10.00
44.00
10.00
1.00
3.00
24.00
1.00
3.00
1.00
116.00
13.00
81.00
49.00
39.00
8.00
245.00
15.00
105.00
79.00
9.00
16.00
3.00
12.00
4.00
14.00
10.00
17.00
18.00
6.00
8.00
6.00
12.00
1.00
6.00
40.00
3.00
77.00
10.00
6.00
2.00
8.00
6.00
10.00
21.00
4.00
2.00
6.00
10.00
1.00
4.00
1.00
47.00
33.00
23.00
13.00
19.00
98.00
4.00
16.00
14.00
87.00
4.00
1.00
9.00
57.00
73.00
42.00
132.00
10.00
67.00
9.00
27.00
53.00
55.00
1.00
100.00
40.00
2.00
3.00
19.00
5.00
9.00
4.00
7.00
31.00
2.00
25.00
55.00
2.00
1.00
1.00
9.00
17.00
35.00
16.00
37.00
4.00
23.00
7.00
15.00
25.00
22.00
13.00
32.00
42.00
58.00
275.00
22.00
35.00
32.00
71.00
65.00
3.00
19.00
24.00
21.00
1.00
14.00
6.00
36.00
2.00
1.00
22.00
24.00
3.00
4.00
4.00
7.00
6.00
10.00
20.00
27.00
6.00
2.00
2.00
35.00
1.00
1.00
12.00
3.00
43.00
1.00
1.00
6.00
21.00
5.00
4.00
21.00
10.00
2.00
11.00
23.00
13.00
48.00
66.00
66.00
19.00
10.00
198.00
83.00
3.00
2.00
13.00
174.00
51.00
9.00
2.00
2.00
1.00
2.00
33.00
20.00
25.00
19.00
2.00
11.00
22.00
4.00
22.00
51.00
2.00
4.00
26.00
3.00
33.00
6.00
3.00
1.00
1.00
19.00
3.00
2.00
51.00
29.00
2.00
59.00
41.00
92.00
1.00
12.00
13.00
47.00
9.00
5.00
1.00
13.00
45.00
14.00
3.00
232.00
97.00
20.00
65.00
6.00
51.00
4.00
71.00
6.00
18.00
6.00
7.00
7.00
3.00
3.00
2.00
5.00
1.00
7.00
4.00
16.00
1.00
1.00
10.00
25.00
8.00
4.00
6.00
14.00
1.00
2.00
3.00
7.00
2.00
2.00
46.00
1.00
10.00
7.00
51.00
18.00
67.00
7.00
11.00
1.00
24.00
1.00
7.00
4.00
29.00
19.00
116.00
45.00
61.00
73.00
90.00
10.00
91.00
11.00
9.00
19.00
1.00
10.00
130.00
2.00
84.00
2.00
1.00
1.00
4.00
23.00
4.00
9.00
4.00
11.00
1.00
2.00
2.00
28.00
62.00
13.00
1.00
87.00
6.00
76.00
1.00
26.00
3.00
16.00
7.00
95.00
48.00
7.00
43.00
35.00
227.00
23.00
15.00
37.00
24.00
40.00
27.00
33.00
2.00
3.00
16.00
24.00
14.00
1.00
91.00
8.00
6.00
1.00
3.00
10.00
1.00
11.00
6.00
25.00
36.00
18.00
4.00
2.00
50.00
3.00
85.00
7.00
17.00
14.00
77.00
1.00
4.00
1.00
3.00
18.00
5.00
51.00
34.00
15.00
15.00
10.00
2.00
65.00
153.00
171.00
1.00
14.00
1.00
21.00
79.00
4.00
16.00
31.00
4.00
2.00
55.00
19.00
5.00
11.00
21.00
15.00
1.00
30.00
16.00
11.00
10.00
17.00
29.00
3.00
2.00
15.00
19.00
6.00
1.00
2.00
17.00
21.00
6.00
23.00
4.00
32.00
25.00
25.00
32.00
35.00
20.00
16.00
2.00
48.00
203.00
475.00
1.00
1.00
8.00
2.00
40.00
2.00
1.00
6.00
11.00
20.00
13.00
6.00
3.00
5.00
7.00
12.00
22.00
4.00
35.00
39.00
10.00
31.00
45.00
22.00
22.00
6.00
20.00
20.00
1.00
3.00
27.00
6.00
19.00
1.00
11.00
9.00
5.00
37.00
72.00
5.00
6.00
11.00
6.00
4.00
3.00
9.00
5.00
11.00
23.00
17.00
40.00
15.00
15.00
14.00
107.00
23.00
104.00
106.00
10.00
50.00
82.00
1.00
10.00
38.00
3.00
31.00
4.00
57.00
4.00
4.00
7.00
1.00
1.00
3.00
1.00
3.00
6.00
4.00
1.00
2.00
21.00
11.00
29.00
25.00
3.00
19.00
33.00
6.00
45.00
28.00
1.00
102.00
41.00
14.00
24.00
291.00
55.00
15.00
1.00
1.00
152.00
8.00
6.00
18.00
18.00
16.00
126.00
95.00
8.00
2.00
3.00
14.00
1.00
15.00
8.00
2.00
8.00
15.00
1.00
4.00
7.00
6.00
12.00
16.00
6.00
8.00
10.00
1.00
1.00
20.00
4.00
7.00
7.00
1.00
48.00
12.00
45.00
33.00
6.00
17.00
27.00
26.00
25.00
2.00
35.00
1.00
1.00
177.00
21.00
41.00
1.00
134.00
39.00
100.00
5.00
6.00
44.00
35.00
5.00
21.00
24.00
5.00
12.00
1.00
5.00
47.00
6.00
2.00
50.00
4.00
6.00
1.00
12.00
6.00
3.00
31.00
4.00
2.00
1.00
1.00
11.00
14.00
3.00
5.00
14.00
5.00
1.00
2.00
1.00
2.00
9.00
11.00
2.00
7.00
37.00
1.00
3.00
38.00
24.00
1.00
1.00
21.00
18.00
15.00
12.00
41.00
2.00
325.00
56.00
59.00
65.00
2.00
32.00
19.00
15.00
5.00
18.00
7.00
17.00
5.00
3.00
10.00
1.00
1.00
2.00
28.00
1.00
6.00
12.00
3.00
12.00
11.00
13.00
21.00
67.00
28.00
10.00
74.00
37.00
4.00
65.00
15.00
26.00
6.00
13.00
28.00
34.00
46.00
21.00
43.00
134.00
43.00
32.00
48.00
15.00
131.00
27.00
4.00
1.00
16.00
5.00
6.00
23.00
34.00
1.00
4.00
3.00
7.00
31.00
19.00
12.00
4.00
12.00
2.00
3.00
4.00
1.00
9.00
64.00
1.00
12.00
12.00
5.00
2.00
3.00
7.00
14.00
31.00
20.00
4.00
18.00
2.00
9.00
3.00
33.00
11.00
13.00
9.00
1.00
10.00
6.00
9.00
13.00
13.00
9.00
17.00
8.00
45.00
111.00
13.00
206.00
3.00
147.00
2.00
76.00
14.00
17.00
35.00
50.00
2.00
9.00
14.00
16.00
13.00
5.00
18.00
7.00
1.00
1.00
14.00
1.00
8.00
31.00
12.00
13.00
12.00
43.00
24.00
15.00
4.00
4.00
21.00
13.00
1.00
15.00
18.00
40.00
4.00
135.00
39.00
347.00
133.00
25.00
7.00
35.00
65.00
6.00
69.00
1.00
5.00
9.00
6.00
6.00
20.00
28.00
5.00
2.00
4.00
2.00
7.00
8.00
3.00
2.00
2.00
3.00
1.00
1.00
4.00
5.00
24.00
14.00
15.00
12.00
18.00
13.00
6.00
9.00
5.00
39.00
3.00
24.00
7.00
18.00
9.00
2.00
16.00
2.00
4.00
1.00
11.00
4.00
6.00
9.00
6.00
20.00
4.00
1.00
244.00
2.00
19.00
27.00
234.00
2.00
40.00
9.00
15.00
17.00
4.00
18.00
9.00
38.00
47.00
12.00
2.00
17.00
14.00
6.00
9.00
23.00
14.00
4.00
4.00
8.00
3.00
11.00
3.00
49.00
7.00
1.00
1.00
10.00
12.00
5.00
1.00
2.00
3.00
1.00
25.00
6.00
4.00
8.00
6.00
21.00
4.00
1.00
132.00
12.00
52.00
404.00
41.00
3.00
18.00
8.00
55.00
48.00
4.00
6.00
3.00
20.00
8.00
26.00
11.00
6.00
1.00
16.00
15.00
33.00
1.00
1.00
4.00
16.00
28.00
1.00
1.00
24.00
5.00
4.00
3.00
36.00
11.00
1.00
15.00
12.00
6.00
14.00
41.00
28.00
7.00
3.00
11.00
57.00
20.00
5.00
7.00
30.00
60.00
3.00
19.00
180.00
7.00
3.00
1.00
16.00
186.00
67.00
1.00
1.00
1.00
1.00
4.00
9.00
26.00
51.00
3.00
3.00
3.00
8.00
1.00
1.00
3.00
8.00
15.00
7.00
9.00
2.00
36.00
4.00
3.00
5.00
12.00
2.00
1.00
8.00
2.00
3.00
2.00
10.00
7.00
11.00
11.00
14.00
24.00
2.00
9.00
46.00
6.00
23.00
3.00
4.00
2.00
2.00
10.00
24.00
3.00
35.00
27.00
20.00
6.00
129.00
43.00
5.00
21.00
25.00
51.00
38.00
86.00
170.00
35.00
30.00
1.00
26.00
6.00
2.00
15.00
12.00
46.00
3.00
23.00
5.00
13.00
1.00
25.00
18.00
15.00
7.00
37.00
9.00
5.00
1.00
16.00
9.00
4.00
29.00
41.00
5.00
16.00
64.00
5.00
7.00
26.00
8.00
20.00
32.00
44.00
3.00
7.00
30.00
62.00
280.00
68.00
72.00
2.00
48.00
108.00
11.00
79.00
2.00
44.00
4.00
21.00
7.00
4.00
32.00
22.00
1.00
4.00
7.00
2.00
5.00
5.00
20.00
11.00
4.00
4.00
10.00
52.00
1.00
5.00
49.00
68.00
50.00
80.00
92.00
14.00
7.00
170.00
297.00
18.00
19.00
1.00
20.00
107.00
1.00
3.00
5.00
48.00
18.00
25.00
13.00
33.00
3.00
1.00
15.00
14.00
23.00
17.00
3.00
5.00
5.00
5.00
1.00
8.00
5.00
6.00
7.00
10.00
29.00
19.00
1.00
4.00
9.00
1.00
13.00
56.00
1.00
44.00
27.00
62.00
28.00
4.00
1.00
346.00
1.00
108.00
13.00
6.00
13.00
38.00
36.00
18.00
2.00
73.00
4.00
16.00
16.00
7.00
27.00
7.00
7.00
4.00
11.00
3.00
32.00
24.00
10.00
2.00
5.00
1.00
