14.00
5.00
13.00
3.00
126.00
26.00
96.00
4.00
17.00
33.00
14.00
28.00
32.00
150.00
23.00
117.00
62.00
78.00
3.00
1.00
2.00
6.00
18.00
2.00
1.00
3.00
20.00
13.00
1.00
66.00
104.00
16.00
86.00
4.00
8.00
3.00
23.00
10.00
27.00
3.00
39.00
14.00
5.00
3.00
9.00
3.00
10.00
12.00
11.00
11.00
3.00
10.00
3.00
4.00
6.00
8.00
8.00
1.00
11.00
68.00
7.00
1.00
8.00
9.00
21.00
63.00
126.00
160.00
3.00
1.00
1.00
1.00
1.00
3.00
62.00
22.00
7.00
88.00
36.00
20.00
4.00
23.00
6.00
19.00
8.00
17.00
7.00
5.00
5.00
47.00
5.00
20.00
5.00
12.00
1.00
18.00
11.00
3.00
9.00
1.00
3.00
5.00
10.00
1.00
31.00
22.00
1.00
1.00
35.00
52.00
1.00
5.00
36.00
46.00
29.00
2.00
4.00
12.00
7.00
12.00
33.00
23.00
4.00
35.00
1.00
47.00
200.00
87.00
40.00
10.00
23.00
79.00
8.00
20.00
1.00
2.00
3.00
1.00
3.00
1.00
9.00
17.00
10.00
6.00
2.00
31.00
27.00
7.00
14.00
10.00
20.00
2.00
3.00
1.00
7.00
10.00
42.00
44.00
9.00
8.00
1.00
3.00
8.00
23.00
21.00
46.00
7.00
5.00
123.00
59.00
2.00
2.00
19.00
1.00
4.00
21.00
15.00
86.00
202.00
64.00
148.00
1.00
28.00
3.00
11.00
13.00
8.00
8.00
2.00
48.00
2.00
6.00
11.00
42.00
3.00
25.00
2.00
16.00
29.00
27.00
16.00
16.00
2.00
1.00
4.00
13.00
9.00
4.00
11.00
4.00
70.00
4.00
2.00
7.00
15.00
6.00
7.00
57.00
3.00
24.00
215.00
46.00
54.00
2.00
54.00
28.00
133.00
36.00
49.00
36.00
6.00
4.00
3.00
27.00
3.00
1.00
1.00
2.00
1.00
7.00
2.00
15.00
11.00
92.00
3.00
17.00
10.00
2.00
6.00
3.00
38.00
7.00
2.00
5.00
9.00
2.00
3.00
17.00
4.00
12.00
15.00
3.00
26.00
2.00
1.00
11.00
6.00
5.00
1.00
8.00
3.00
1.00
1.00
1.00
15.00
5.00
4.00
1.00
22.00
2.00
1.00
3.00
1.00
54.00
7.00
3.00
7.00
1.00
1.00
18.00
154.00
21.00
3.00
18.00
6.00
16.00
21.00
78.00
3.00
1.00
3.00
36.00
26.00
21.00
2.00
17.00
3.00
35.00
10.00
11.00
71.00
36.00
9.00
14.00
15.00
3.00
18.00
1.00
1.00
13.00
5.00
29.00
12.00
56.00
25.00
3.00
11.00
3.00
12.00
2.00
6.00
4.00
26.00
26.00
1.00
28.00
63.00
65.00
6.00
21.00
1.00
21.00
6.00
15.00
7.00
1.00
2.00
4.00
28.00
5.00
13.00
1.00
60.00
100.00
1.00
135.00
61.00
3.00
1.00
1.00
5.00
36.00
36.00
11.00
2.00
2.00
1.00
1.00
1.00
66.00
2.00
16.00
2.00
4.00
3.00
4.00
3.00
27.00
36.00
12.00
8.00
18.00
17.00
1.00
1.00
5.00
1.00
25.00
6.00
2.00
4.00
18.00
1.00
2.00
8.00
16.00
74.00
9.00
7.00
4.00
8.00
18.00
14.00
8.00
8.00
9.00
28.00
5.00
38.00
4.00
17.00
3.00
16.00
24.00
1.00
5.00
6.00
98.00
26.00
61.00
2.00
105.00
6.00
114.00
21.00
67.00
37.00
1.00
25.00
10.00
1.00
1.00
24.00
18.00
20.00
10.00
3.00
10.00
6.00
1.00
5.00
7.00
3.00
14.00
9.00
11.00
10.00
4.00
23.00
1.00
24.00
5.00
21.00
56.00
1.00
1.00
5.00
78.00
2.00
1.00
4.00
34.00
4.00
10.00
6.00
10.00
6.00
1.00
31.00
41.00
41.00
38.00
43.00
1.00
82.00
108.00
34.00
1.00
26.00
34.00
1.00
12.00
1.00
2.00
62.00
12.00
123.00
5.00
5.00
14.00
14.00
8.00
6.00
27.00
10.00
49.00
2.00
4.00
2.00
15.00
84.00
39.00
1.00
7.00
68.00
23.00
36.00
1.00
1.00
8.00
4.00
2.00
8.00
58.00
2.00
53.00
2.00
5.00
10.00
2.00
2.00
2.00
51.00
2.00
9.00
24.00
65.00
38.00
32.00
81.00
8.00
27.00
3.00
4.00
1.00
30.00
11.00
10.00
2.00
35.00
90.00
12.00
65.00
41.00
41.00
29.00
1.00
3.00
22.00
22.00
5.00
9.00
47.00
12.00
13.00
3.00
1.00
29.00
8.00
24.00
2.00
4.00
19.00
4.00
6.00
1.00
27.00
1.00
1.00
27.00
32.00
2.00
2.00
28.00
40.00
3.00
3.00
8.00
32.00
12.00
11.00
168.00
38.00
25.00
282.00
1.00
1.00
4.00
1.00
2.00
32.00
11.00
79.00
1.00
7.00
1.00
3.00
11.00
14.00
11.00
9.00
5.00
8.00
7.00
3.00
5.00
11.00
2.00
26.00
1.00
2.00
26.00
3.00
21.00
1.00
1.00
54.00
8.00
9.00
3.00
3.00
1.00
1.00
4.00
42.00
1.00
1.00
39.00
3.00
1.00
6.00
12.00
73.00
7.00
15.00
3.00
8.00
1.00
41.00
1.00
14.00
16.00
2.00
35.00
2.00
12.00
21.00
7.00
7.00
8.00
24.00
35.00
65.00
1.00
50.00
117.00
60.00
1.00
18.00
79.00
6.00
2.00
9.00
3.00
1.00
11.00
3.00
26.00
14.00
20.00
5.00
71.00
2.00
2.00
3.00
1.00
2.00
26.00
1.00
1.00
1.00
1.00
1.00
1.00
48.00
2.00
4.00
49.00
3.00
24.00
7.00
30.00
16.00
2.00
1.00
4.00
3.00
7.00
1.00
1.00
2.00
4.00
34.00
5.00
47.00
9.00
4.00
3.00
55.00
13.00
19.00
53.00
38.00
18.00
261.00
8.00
10.00
9.00
98.00
60.00
93.00
2.00
2.00
1.00
6.00
5.00
3.00
8.00
1.00
64.00
71.00
58.00
75.00
26.00
26.00
3.00
7.00
1.00
52.00
60.00
18.00
1.00
23.00
1.00
2.00
1.00
18.00
11.00
1.00
197.00
27.00
121.00
49.00
51.00
2.00
91.00
31.00
2.00
1.00
3.00
10.00
6.00
1.00
23.00
3.00
21.00
4.00
7.00
13.00
1.00
38.00
16.00
7.00
22.00
4.00
10.00
2.00
19.00
1.00
14.00
2.00
1.00
3.00
6.00
1.00
4.00
2.00
4.00
7.00
14.00
1.00
2.00
5.00
63.00
1.00
50.00
1.00
21.00
3.00
19.00
5.00
1.00
1.00
14.00
1.00
1.00
8.00
5.00
21.00
15.00
23.00
7.00
14.00
20.00
115.00
267.00
3.00
10.00
8.00
31.00
9.00
1.00
14.00
26.00
16.00
15.00
3.00
36.00
1.00
1.00
6.00
19.00
2.00
1.00
30.00
6.00
12.00
6.00
3.00
2.00
16.00
4.00
17.00
19.00
14.00
19.00
10.00
10.00
18.00
8.00
3.00
10.00
7.00
23.00
1.00
18.00
16.00
3.00
12.00
20.00
2.00
63.00
1.00
44.00
33.00
11.00
15.00
1.00
20.00
9.00
28.00
24.00
83.00
318.00
13.00
1.00
10.00
2.00
9.00
11.00
1.00
2.00
6.00
9.00
2.00
1.00
86.00
5.00
3.00
1.00
51.00
35.00
47.00
1.00
6.00
1.00
16.00
1.00
4.00
1.00
9.00
11.00
12.00
6.00
2.00
1.00
2.00
6.00
12.00
8.00
22.00
3.00
10.00
6.00
2.00
1.00
27.00
5.00
8.00
12.00
3.00
14.00
3.00
1.00
6.00
12.00
38.00
1.00
4.00
19.00
7.00
2.00
70.00
54.00
1.00
3.00
81.00
1.00
55.00
6.00
4.00
34.00
25.00
11.00
1.00
1.00
27.00
15.00
22.00
35.00
98.00
14.00
33.00
18.00
1.00
20.00
24.00
3.00
8.00
1.00
49.00
38.00
1.00
23.00
1.00
15.00
15.00
12.00
18.00
1.00
1.00
7.00
9.00
3.00
3.00
1.00
35.00
2.00
16.00
33.00
46.00
2.00
10.00
4.00
8.00
33.00
6.00
45.00
4.00
26.00
30.00
15.00
1.00
1.00
20.00
5.00
13.00
5.00
32.00
1.00
88.00
2.00
111.00
104.00
25.00
13.00
1.00
3.00
1.00
21.00
2.00
1.00
1.00
62.00
48.00
3.00
4.00
15.00
23.00
43.00
7.00
1.00
5.00
15.00
43.00
1.00
4.00
11.00
3.00
7.00
5.00
20.00
30.00
15.00
4.00
52.00
1.00
2.00
28.00
1.00
2.00
1.00
1.00
2.00
3.00
14.00
3.00
10.00
21.00
1.00
39.00
2.00
14.00
1.00
1.00
3.00
3.00
1.00
3.00
4.00
75.00
31.00
28.00
1.00
14.00
6.00
181.00
1.00
1.00
16.00
36.00
10.00
70.00
16.00
50.00
79.00
5.00
18.00
17.00
2.00
45.00
5.00
1.00
60.00
18.00
16.00
28.00
2.00
1.00
13.00
3.00
13.00
22.00
7.00
2.00
1.00
2.00
7.00
3.00
20.00
11.00
2.00
6.00
40.00
41.00
6.00
19.00
56.00
6.00
28.00
1.00
2.00
2.00
32.00
14.00
5.00
2.00
12.00
3.00
9.00
146.00
5.00
38.00
53.00
92.00
1.00
91.00
19.00
23.00
30.00
92.00
39.00
1.00
1.00
6.00
8.00
38.00
17.00
20.00
6.00
4.00
18.00
16.00
4.00
19.00
5.00
48.00
10.00
4.00
5.00
63.00
26.00
4.00
1.00
5.00
72.00
5.00
3.00
16.00
3.00
19.00
19.00
39.00
26.00
12.00
22.00
2.00
6.00
63.00
6.00
6.00
51.00
182.00
145.00
16.00
2.00
4.00
132.00
2.00
12.00
10.00
1.00
8.00
18.00
4.00
3.00
3.00
1.00
14.00
1.00
1.00
5.00
1.00
8.00
55.00
20.00
38.00
7.00
34.00
49.00
3.00
2.00
8.00
1.00
9.00
1.00
7.00
5.00
13.00
1.00
4.00
1.00
1.00
1.00
1.00
10.00
35.00
24.00
1.00
1.00
35.00
1.00
4.00
41.00
4.00
5.00
9.00
24.00
2.00
28.00
78.00
1.00
47.00
33.00
45.00
238.00
46.00
1.00
1.00
76.00
20.00
92.00
10.00
32.00
4.00
16.00
9.00
9.00
14.00
8.00
9.00
1.00
52.00
1.00
1.00
3.00
8.00
6.00
15.00
1.00
3.00
17.00
4.00
13.00
41.00
7.00
17.00
5.00
10.00
2.00
2.00
16.00
3.00
46.00
16.00
1.00
1.00
1.00
1.00
7.00
34.00
7.00
17.00
80.00
149.00
31.00
2.00
3.00
26.00
37.00
1.00
72.00
1.00
44.00
52.00
47.00
17.00
6.00
18.00
2.00
73.00
11.00
95.00
77.00
34.00
7.00
34.00
3.00
38.00
22.00
43.00
13.00
5.00
5.00
1.00
1.00
64.00
1.00
2.00
15.00
27.00
36.00
4.00
8.00
93.00
3.00
17.00
6.00
1.00
3.00
5.00
11.00
19.00
39.00
63.00
180.00
7.00
27.00
5.00
78.00
5.00
2.00
51.00
58.00
1.00
4.00
1.00
2.00
1.00
12.00
10.00
10.00
27.00
1.00
2.00
10.00
3.00
29.00
5.00
3.00
4.00
20.00
2.00
2.00
1.00
1.00
56.00
36.00
26.00
5.00
2.00
11.00
36.00
8.00
33.00
26.00
1.00
1.00
5.00
1.00
4.00
30.00
1.00
12.00
18.00
2.00
27.00
12.00
1.00
28.00
5.00
6.00
27.00
14.00
7.00
25.00
15.00
10.00
17.00
1.00
18.00
25.00
140.00
132.00
1.00
5.00
5.00
45.00
15.00
9.00
4.00
60.00
1.00
54.00
1.00
4.00
20.00
21.00
6.00
1.00
14.00
14.00
7.00
11.00
13.00
1.00
4.00
3.00
7.00
38.00
1.00
1.00
5.00
7.00
1.00
7.00
20.00
40.00
54.00
78.00
6.00
11.00
1.00
50.00
2.00
10.00
21.00
37.00
100.00
1.00
3.00
1.00
21.00
27.00
3.00
118.00
73.00
59.00
39.00
75.00
1.00
6.00
7.00
2.00
1.00
2.00
4.00
22.00
2.00
11.00
22.00
3.00
34.00
5.00
6.00
1.00
43.00
17.00
69.00
34.00
2.00
6.00
1.00
5.00
14.00
1.00
5.00
1.00
2.00
3.00
4.00
4.00
20.00
1.00
3.00
1.00
12.00
1.00
1.00
18.00
3.00
9.00
13.00
2.00
34.00
2.00
48.00
2.00
40.00
9.00
81.00
295.00
46.00
3.00
5.00
66.00
6.00
9.00
5.00
3.00
18.00
9.00
4.00
1.00
38.00
1.00
83.00
15.00
47.00
1.00
4.00
13.00
7.00
19.00
1.00
1.00
1.00
1.00
1.00
55.00
2.00
3.00
2.00
1.00
1.00
23.00
19.00
40.00
25.00
9.00
9.00
3.00
1.00
31.00
30.00
1.00
55.00
10.00
4.00
2.00
37.00
53.00
37.00
59.00
1.00
77.00
1.00
45.00
1.00
20.00
25.00
40.00
83.00
52.00
1.00
11.00
5.00
3.00
46.00
22.00
12.00
3.00
1.00
7.00
34.00
1.00
3.00
18.00
4.00
23.00
15.00
21.00
3.00
1.00
3.00
1.00
1.00
8.00
55.00
12.00
11.00
1.00
1.00
18.00
50.00
7.00
49.00
1.00
8.00
2.00
5.00
7.00
1.00
28.00
31.00
31.00
9.00
5.00
1.00
5.00
241.00
46.00
3.00
5.00
38.00
67.00
23.00
1.00
17.00
30.00
9.00
5.00
57.00
9.00
1.00
13.00
9.00
21.00
12.00
1.00
4.00
7.00
4.00
12.00
20.00
1.00
14.00
20.00
5.00
27.00
1.00
11.00
11.00
1.00
35.00
22.00
1.00
28.00
2.00
5.00
1.00
3.00
17.00
4.00
12.00
38.00
4.00
2.00
5.00
5.00
1.00
5.00
44.00
11.00
65.00
145.00
190.00
1.00
1.00
1.00
34.00
2.00
13.00
72.00
4.00
57.00
13.00
10.00
72.00
2.00
4.00
12.00
14.00
18.00
16.00
30.00
14.00
5.00
12.00
27.00
6.00
15.00
13.00
1.00
18.00
2.00
1.00
10.00
4.00
1.00
23.00
16.00
1.00
