6
40
4
20
0
2
2
28
13
5
14
30
39
60
36
6
1
0
23
10
23
29
59
80
21
20
43
16
5
1
3
9
50
32
72
26
70
30
1
21
2
0
2
1
51
41
60
22
58
24
33
9
0
6
3
1
28
29
21
31
36
82
44
39
1
28
6
17
9
49
40
33
37
18
63
39
8
2
1
15
48
47
32
61
23
41
32
13
10
3
2
6
43
50
71
21
20
40
38
12
17
1
23
4
23
23
22
17
36
40
48
28
20
6
16
14
13
33
23
44
34
17
34
0
7
0
0
12
30
65
25
28
32
18
34
48
5
1
5
12
14
45
46
32
67
31
23
17
0
0
6
10
41
27
3
20
45
33
34
0
2
2
9
42
55
47
60
103
44
41
54
23
1
0
0
29
27
46
66
26
50
35
27
16
1
0
0
33
22
29
51
47
35
41
36
9
8
23
4
23
22
17
51
23
30
26
33
20
5
3
34
7
23
47
28
73
39
46
31
9
18
6
3
12
15
69
47
27
30
35
17
13
1
3
13
24
22
57
21
46
36
25
28
13
0
1
4
12
48
11
27
75
42
33
21
6
8
0
16
5
9
24
51
43
37
48
28
1
12
5
8
20
4
3
25
35
41
22
19
56
7
0
14
5
37
65
69
18
20
57
23
35
25
0
4
13
16
59
105
24
55
16
19
24
13
18
3
13
40
46
23
10
60
71
36
33
11
0
1
18
56
18
32
73
59
69
42
60
22
5
6
13
4
20
32
34
25
40
34
35
19
0
15
16
16
46
59
26
45
44
33
1
4
0
17
13
22
17
28
57
