26
22
4
4
0
0
0
1
16
4
0
0
1
16
8
5
2
0
0
0
2
6
44
24
6
2
8
1
0
0
0
8
18
15
7
42
20
20
5
2
6
2
0
4
2
16
14
9
28
7
10
0
0
0
0
0
0
27
26
38
10
9
12
5
1
0
1
3
2
0
2
18
27
13
0
0
6
0
0
0
4
9
12
26
7
22
8
3
1
0
0
0
19
19
10
7
33
8
0
3
5
0
1
1
0
2
22
1
6
0
1
0
0
0
0
0
3
15
18
32
38
22
7
2
0
3
5
0
27
20
18
17
20
1
3
3
5
0
0
6
4
8
36
27
40
6
16
7
0
0
1
0
9
1
6
21
13
4
7
0
0
0
0
4
13
37
22
14
10
22
2
3
0
0
2
0
9
5
11
17
2
0
1
0
0
0
4
0
0
31
0
0
11
3
10
4
4
1
0
0
8
15
12
6
13
8
1
0
1
5
0
4
1
9
26
22
5
11
6
0
2
0
0
0
18
24
28
36
20
9
2
0
0
0
0
8
15
18
5
15
0
0
11
0
0
0
2
7
15
17
3
22
17
8
12
0
0
0
0
0
0
39
23
3
8
2
1
2
0
0
0
5
12
7
45
27
22
21
16
2
0
0
0
2
4
6
23
25
34
23
0
0
0
0
0
0
7
34
7
10
7
26
3
4
0
1
0
0
12
9
32
39
13
32
7
0
1
2
0
0
4
14
8
27
8
9
9
0
0
0
0
0
1
0
5
31
15
1
0
0
0
2
0
0
5
21
17
34
51
29
4
7
4
0
0
0
4
0
7
2
