167.00
1.00
4.00
18.00
12.00
86.00
3.00
100.00
1.00
2.00
152.00
129.00
104.00
32.00
14.00
78.00
205.00
21.00
116.00
47.00
28.00
3.00
68.00
4.00
4.00
12.00
3.00
6.00
1.00
13.00
11.00
26.00
8.00
4.00
1.00
2.00
1.00
8.00
24.00
5.00
3.00
69.00
1.00
1.00
1.00
13.00
407.00
2.00
10.00
98.00
177.00
11.00
20.00
7.00
21.00
76.00
30.00
93.00
10.00
6.00
31.00
2.00
2.00
7.00
5.00
6.00
5.00
57.00
31.00
31.00
25.00
7.00
83.00
2.00
31.00
1.00
1.00
1.00
14.00
5.00
12.00
51.00
310.00
212.00
45.00
26.00
20.00
3.00
6.00
13.00
32.00
14.00
58.00
4.00
18.00
35.00
2.00
2.00
23.00
6.00
13.00
39.00
5.00
31.00
41.00
2.00
24.00
48.00
47.00
18.00
199.00
14.00
1.00
1.00
31.00
37.00
263.00
223.00
2.00
31.00
5.00
4.00
2.00
27.00
1.00
1.00
29.00
13.00
59.00
1.00
15.00
42.00
5.00
46.00
5.00
16.00
12.00
12.00
34.00
1.00
4.00
25.00
99.00
23.00
22.00
6.00
3.00
64.00
37.00
216.00
46.00
366.00
36.00
10.00
2.00
14.00
5.00
42.00
13.00
12.00
38.00
57.00
19.00
18.00
3.00
1.00
34.00
31.00
1.00
1.00
26.00
13.00
14.00
29.00
21.00
5.00
28.00
1.00
2.00
17.00
1.00
1.00
2.00
5.00
6.00
34.00
1.00
1.00
10.00
45.00
1.00
51.00
3.00
20.00
154.00
62.00
3.00
1.00
16.00
63.00
33.00
2.00
47.00
27.00
42.00
42.00
8.00
141.00
36.00
70.00
5.00
3.00
43.00
56.00
29.00
17.00
12.00
8.00
8.00
1.00
5.00
4.00
3.00
21.00
26.00
28.00
3.00
1.00
62.00
74.00
6.00
6.00
22.00
38.00
24.00
71.00
3.00
270.00
88.00
105.00
20.00
1.00
69.00
8.00
2.00
16.00
1.00
1.00
5.00
2.00
1.00
1.00
64.00
17.00
29.00
2.00
62.00
4.00
17.00
1.00
8.00
20.00
91.00
6.00
4.00
9.00
8.00
7.00
4.00
19.00
6.00
8.00
11.00
31.00
2.00
2.00
54.00
17.00
7.00
41.00
1.00
4.00
6.00
188.00
5.00
2.00
162.00
89.00
140.00
13.00
1.00
1.00
14.00
14.00
6.00
1.00
3.00
24.00
23.00
14.00
15.00
22.00
6.00
1.00
2.00
5.00
23.00
11.00
10.00
1.00
1.00
18.00
1.00
24.00
24.00
2.00
73.00
1.00
93.00
1.00
82.00
10.00
9.00
1.00
7.00
23.00
43.00
44.00
92.00
269.00
1.00
134.00
142.00
5.00
33.00
46.00
7.00
2.00
4.00
53.00
2.00
5.00
2.00
10.00
90.00
14.00
16.00
21.00
64.00
2.00
10.00
2.00
3.00
40.00
4.00
1.00
3.00
5.00
2.00
8.00
78.00
53.00
2.00
2.00
9.00
12.00
1.00
1.00
8.00
2.00
51.00
2.00
9.00
30.00
81.00
83.00
72.00
99.00
49.00
115.00
3.00
64.00
4.00
95.00
29.00
57.00
1.00
12.00
50.00
12.00
14.00
27.00
8.00
1.00
26.00
27.00
5.00
7.00
1.00
1.00
33.00
2.00
1.00
2.00
3.00
18.00
1.00
4.00
24.00
1.00
28.00
44.00
3.00
1.00
1.00
6.00
5.00
50.00
241.00
298.00
6.00
24.00
23.00
77.00
48.00
25.00
1.00
16.00
43.00
2.00
10.00
60.00
2.00
2.00
102.00
22.00
1.00
89.00
7.00
2.00
6.00
13.00
41.00
56.00
5.00
5.00
1.00
41.00
2.00
5.00
5.00
18.00
1.00
2.00
2.00
57.00
14.00
17.00
12.00
11.00
37.00
2.00
59.00
3.00
293.00
1.00
47.00
41.00
64.00
16.00
108.00
5.00
1.00
2.00
45.00
18.00
5.00
45.00
1.00
1.00
71.00
23.00
9.00
29.00
16.00
1.00
1.00
6.00
11.00
1.00
11.00
33.00
1.00
3.00
51.00
2.00
9.00
2.00
1.00
1.00
2.00
5.00
55.00
16.00
15.00
396.00
99.00
85.00
99.00
26.00
2.00
2.00
13.00
1.00
10.00
52.00
28.00
43.00
4.00
53.00
77.00
34.00
5.00
31.00
5.00
1.00
52.00
65.00
18.00
25.00
30.00
9.00
3.00
89.00
5.00
3.00
285.00
13.00
108.00
69.00
2.00
16.00
37.00
23.00
34.00
5.00
13.00
1.00
15.00
1.00
38.00
16.00
24.00
11.00
8.00
1.00
15.00
20.00
15.00
27.00
7.00
2.00
5.00
9.00
77.00
18.00
5.00
69.00
1.00
54.00
32.00
22.00
14.00
16.00
14.00
28.00
3.00
1.00
39.00
10.00
17.00
20.00
86.00
100.00
3.00
132.00
60.00
10.00
3.00
12.00
1.00
36.00
1.00
12.00
1.00
40.00
17.00
2.00
1.00
57.00
60.00
12.00
45.00
1.00
8.00
9.00
3.00
4.00
2.00
16.00
6.00
2.00
18.00
26.00
6.00
14.00
1.00
7.00
30.00
4.00
2.00
8.00
3.00
4.00
70.00
5.00
12.00
23.00
7.00
64.00
51.00
4.00
49.00
5.00
22.00
56.00
23.00
191.00
87.00
124.00
3.00
21.00
6.00
21.00
2.00
4.00
112.00
3.00
2.00
12.00
3.00
155.00
14.00
17.00
1.00
3.00
15.00
14.00
13.00
11.00
23.00
2.00
17.00
3.00
9.00
6.00
3.00
27.00
5.00
9.00
13.00
2.00
16.00
4.00
81.00
1.00
111.00
62.00
80.00
35.00
18.00
46.00
7.00
34.00
5.00
50.00
156.00
19.00
1.00
62.00
22.00
45.00
2.00
42.00
78.00
78.00
10.00
6.00
14.00
2.00
105.00
51.00
3.00
6.00
2.00
1.00
9.00
10.00
32.00
56.00
70.00
15.00
1.00
25.00
7.00
21.00
144.00
264.00
38.00
1.00
7.00
89.00
49.00
17.00
45.00
3.00
1.00
1.00
76.00
28.00
15.00
20.00
126.00
4.00
24.00
3.00
21.00
10.00
31.00
27.00
1.00
36.00
6.00
3.00
27.00
3.00
79.00
26.00
3.00
50.00
24.00
193.00
1.00
55.00
71.00
26.00
12.00
37.00
1.00
102.00
2.00
11.00
5.00
41.00
2.00
4.00
9.00
87.00
14.00
26.00
2.00
1.00
1.00
3.00
22.00
23.00
36.00
10.00
26.00
7.00
31.00
1.00
13.00
40.00
33.00
8.00
5.00
96.00
7.00
36.00
5.00
58.00
11.00
215.00
83.00
103.00
68.00
29.00
34.00
141.00
1.00
1.00
56.00
17.00
37.00
20.00
2.00
25.00
8.00
20.00
4.00
1.00
1.00
54.00
15.00
5.00
61.00
29.00
11.00
11.00
20.00
53.00
23.00
7.00
1.00
16.00
8.00
21.00
5.00
26.00
62.00
13.00
1.00
25.00
1.00
75.00
2.00
9.00
8.00
250.00
130.00
4.00
116.00
2.00
3.00
27.00
2.00
12.00
9.00
28.00
12.00
1.00
15.00
1.00
1.00
1.00
84.00
153.00
2.00
5.00
6.00
2.00
6.00
3.00
3.00
7.00
4.00
10.00
1.00
2.00
2.00
18.00
2.00
29.00
26.00
38.00
1.00
1.00
8.00
41.00
4.00
18.00
12.00
17.00
34.00
57.00
23.00
108.00
25.00
47.00
8.00
71.00
69.00
7.00
60.00
96.00
47.00
210.00
78.00
8.00
5.00
3.00
34.00
19.00
7.00
28.00
41.00
1.00
24.00
16.00
2.00
4.00
16.00
3.00
39.00
6.00
14.00
3.00
2.00
1.00
53.00
26.00
80.00
150.00
36.00
2.00
3.00
30.00
151.00
10.00
50.00
35.00
17.00
1.00
14.00
292.00
35.00
8.00
50.00
35.00
5.00
21.00
49.00
9.00
3.00
2.00
7.00
20.00
13.00
1.00
1.00
25.00
1.00
1.00
74.00
23.00
8.00
120.00
12.00
8.00
12.00
15.00
22.00
5.00
110.00
185.00
146.00
25.00
49.00
6.00
1.00
52.00
32.00
5.00
1.00
1.00
5.00
3.00
8.00
54.00
6.00
2.00
1.00
10.00
31.00
9.00
30.00
23.00
1.00
102.00
35.00
8.00
60.00
1.00
6.00
35.00
31.00
5.00
80.00
6.00
9.00
38.00
13.00
34.00
15.00
90.00
1.00
76.00
25.00
35.00
86.00
105.00
15.00
5.00
42.00
5.00
27.00
1.00
54.00
1.00
2.00
24.00
37.00
1.00
2.00
21.00
1.00
19.00
8.00
22.00
11.00
2.00
20.00
19.00
20.00
31.00
1.00
9.00
5.00
7.00
4.00
66.00
58.00
78.00
13.00
11.00
21.00
32.00
4.00
1.00
8.00
16.00
10.00
148.00
5.00
21.00
26.00
4.00
9.00
1.00
182.00
1.00
2.00
2.00
110.00
56.00
18.00
9.00
2.00
1.00
2.00
1.00
2.00
2.00
1.00
1.00
2.00
4.00
22.00
2.00
12.00
1.00
23.00
1.00
129.00
14.00
54.00
32.00
2.00
5.00
2.00
1.00
10.00
6.00
2.00
4.00
2.00
37.00
9.00
17.00
10.00
1.00
13.00
1.00
1.00
39.00
8.00
64.00
2.00
2.00
16.00
6.00
18.00
9.00
1.00
85.00
356.00
4.00
10.00
66.00
7.00
1.00
5.00
2.00
26.00
2.00
5.00
51.00
90.00
3.00
7.00
3.00
1.00
81.00
7.00
19.00
2.00
1.00
65.00
5.00
3.00
27.00
23.00
87.00
18.00
2.00
2.00
1.00
2.00
1.00
1.00
1.00
35.00
6.00
30.00
4.00
75.00
2.00
2.00
29.00
3.00
3.00
20.00
1.00
211.00
4.00
2.00
2.00
62.00
13.00
9.00
40.00
80.00
34.00
24.00
2.00
65.00
27.00
60.00
3.00
17.00
1.00
19.00
3.00
5.00
62.00
8.00
6.00
80.00
21.00
51.00
2.00
7.00
64.00
5.00
2.00
5.00
7.00
9.00
28.00
10.00
25.00
36.00
4.00
15.00
6.00
100.00
146.00
37.00
14.00
119.00
84.00
1.00
8.00
5.00
2.00
3.00
53.00
9.00
6.00
1.00
14.00
10.00
25.00
2.00
44.00
4.00
14.00
4.00
15.00
14.00
4.00
22.00
2.00
10.00
44.00
50.00
4.00
52.00
5.00
6.00
4.00
16.00
9.00
12.00
55.00
4.00
1.00
5.00
1.00
4.00
54.00
237.00
176.00
1.00
1.00
2.00
185.00
2.00
16.00
8.00
11.00
15.00
45.00
18.00
13.00
14.00
17.00
1.00
29.00
10.00
1.00
47.00
14.00
1.00
13.00
4.00
19.00
2.00
8.00
5.00
8.00
45.00
1.00
