48
34
34
11
2
0
17
7
9
6
36
35
25
38
38
14
16
4
4
12
20
13
55
64
13
21
21
0
0
8
0
8
26
38
19
75
32
26
29
31
13
11
4
0
7
37
29
45
49
35
32
6
1
2
19
19
31
33
21
92
15
17
49
17
8
0
4
5
44
23
10
28
38
19
7
21
12
5
0
14
23
18
20
53
32
24
26
6
3
7
0
6
7
37
34
34
64
25
11
9
10
2
2
8
4
6
42
30
31
23
17
12
0
0
17
5
35
27
38
51
72
51
24
1
4
1
8
0
23
24
20
44
82
16
12
16
20
5
0
22
33
14
51
56
62
16
18
18
5
9
1
6
39
4
16
52
6
7
21
10
4
0
20
10
19
24
49
18
21
13
37
17
1
2
5
11
28
20
16
59
27
14
20
0
2
0
0
0
11
38
39
11
34
16
21
24
4
4
1
10
22
19
67
39
34
21
5
2
0
1
11
11
18
5
36
44
50
11
26
19
1
5
7
11
20
42
34
64
67
40
39
28
0
0
1
3
33
51
43
19
47
7
18
20
3
6
9
17
24
41
42
57
55
35
29
20
2
0
2
4
36
36
59
47
32
32
10
9
0
0
4
1
24
21
33
73
30
40
54
23
0
6
2
9
37
22
27
47
59
44
19
6
0
0
0
30
10
50
37
59
38
22
32
16
2
20
2
7
52
46
48
61
42
43
14
5
7
12
1
1
24
40
24
44
33
10
29
24
3
0
2
3
8
17
42
47
32
3
5
3
3
1
0
1
23
34
22
30
69
40
20
8
14
0
0
3
26
18
37
38
