14.00
5.00
1.00
23.00
10.00
3.00
55.00
23.00
11.00
9.00
58.00
1.00
53.00
11.00
49.00
28.00
341.00
2.00
217.00
2.00
3.00
12.00
63.00
8.00
73.00
9.00
32.00
56.00
5.00
1.00
3.00
58.00
1.00
1.00
46.00
1.00
78.00
3.00
70.00
1.00
1.00
12.00
6.00
5.00
3.00
1.00
65.00
14.00
75.00
10.00
2.00
2.00
43.00
9.00
5.00
17.00
226.00
1.00
134.00
39.00
10.00
52.00
50.00
2.00
21.00
60.00
10.00
36.00
4.00
26.00
1.00
22.00
7.00
9.00
4.00
1.00
5.00
33.00
3.00
7.00
1.00
1.00
3.00
114.00
62.00
7.00
3.00
19.00
100.00
8.00
583.00
1.00
1.00
25.00
54.00
20.00
4.00
16.00
2.00
4.00
1.00
23.00
12.00
16.00
1.00
39.00
70.00
19.00
1.00
38.00
6.00
1.00
2.00
16.00
3.00
10.00
42.00
4.00
1.00
57.00
4.00
31.00
5.00
1.00
24.00
17.00
10.00
1.00
12.00
38.00
31.00
10.00
58.00
21.00
18.00
1.00
31.00
56.00
19.00
165.00
123.00
61.00
1.00
115.00
40.00
1.00
4.00
14.00
1.00
34.00
7.00
18.00
56.00
1.00
1.00
5.00
2.00
5.00
1.00
2.00
3.00
41.00
80.00
5.00
11.00
6.00
1.00
26.00
16.00
64.00
11.00
2.00
19.00
1.00
18.00
10.00
128.00
65.00
86.00
108.00
17.00
167.00
39.00
2.00
43.00
5.00
108.00
3.00
10.00
39.00
7.00
7.00
14.00
56.00
9.00
8.00
10.00
113.00
11.00
57.00
31.00
34.00
15.00
18.00
41.00
3.00
4.00
53.00
52.00
17.00
2.00
316.00
13.00
97.00
2.00
36.00
1.00
26.00
12.00
31.00
7.00
14.00
21.00
55.00
1.00
30.00
1.00
14.00
76.00
57.00
38.00
2.00
3.00
5.00
50.00
7.00
2.00
78.00
4.00
2.00
24.00
51.00
83.00
30.00
26.00
1.00
23.00
28.00
48.00
126.00
204.00
2.00
50.00
78.00
7.00
102.00
28.00
8.00
16.00
25.00
13.00
6.00
9.00
20.00
10.00
1.00
41.00
4.00
3.00
11.00
9.00
1.00
9.00
20.00
3.00
5.00
19.00
1.00
3.00
4.00
18.00
21.00
27.00
52.00
1.00
10.00
60.00
4.00
24.00
1.00
125.00
95.00
90.00
8.00
245.00
124.00
58.00
13.00
16.00
2.00
14.00
6.00
5.00
2.00
5.00
15.00
9.00
15.00
8.00
8.00
15.00
1.00
7.00
14.00
8.00
41.00
3.00
78.00
15.00
3.00
8.00
4.00
10.00
16.00
35.00
5.00
4.00
5.00
6.00
1.00
8.00
46.00
58.00
137.00
22.00
14.00
87.00
5.00
2.00
186.00
213.00
93.00
55.00
1.00
102.00
44.00
7.00
27.00
8.00
5.00
78.00
58.00
3.00
1.00
1.00
7.00
21.00
34.00
16.00
42.00
112.00
13.00
33.00
42.00
59.00
275.00
23.00
40.00
171.00
1.00
5.00
1.00
20.00
2.00
25.00
27.00
61.00
25.00
25.00
1.00
24.00
9.00
20.00
1.00
5.00
21.00
2.00
8.00
35.00
1.00
1.00
4.00
5.00
2.00
49.00
3.00
8.00
1.00
21.00
1.00
5.00
5.00
26.00
10.00
17.00
1.00
23.00
65.00
1.00
129.00
27.00
163.00
114.00
20.00
14.00
220.00
22.00
4.00
8.00
16.00
24.00
20.00
1.00
14.00
21.00
4.00
74.00
2.00
35.00
2.00
34.00
2.00
2.00
14.00
1.00
1.00
2.00
32.00
5.00
47.00
1.00
2.00
93.00
2.00
41.00
92.00
14.00
1.00
11.00
47.00
14.00
13.00
45.00
13.00
254.00
96.00
30.00
5.00
2.00
63.00
1.00
4.00
7.00
53.00
70.00
27.00
5.00
19.00
9.00
12.00
9.00
4.00
17.00
5.00
11.00
1.00
26.00
21.00
14.00
2.00
1.00
11.00
1.00
3.00
2.00
23.00
23.00
1.00
2.00
9.00
7.00
11.00
31.00
8.00
108.00
1.00
23.00
13.00
29.00
186.00
61.00
71.00
197.00
52.00
17.00
2.00
135.00
88.00
1.00
2.00
4.00
23.00
16.00
6.00
7.00
16.00
20.00
3.00
4.00
77.00
80.00
5.00
6.00
79.00
34.00
8.00
7.00
105.00
1.00
49.00
415.00
40.00
53.00
6.00
26.00
22.00
27.00
2.00
11.00
1.00
93.00
17.00
4.00
4.00
1.00
9.00
9.00
4.00
24.00
27.00
29.00
7.00
54.00
93.00
29.00
12.00
78.00
1.00
6.00
2.00
3.00
18.00
57.00
49.00
14.00
13.00
1.00
391.00
139.00
3.00
60.00
65.00
4.00
10.00
4.00
5.00
27.00
20.00
32.00
25.00
10.00
19.00
29.00
2.00
9.00
4.00
15.00
24.00
1.00
3.00
1.00
3.00
2.00
18.00
22.00
7.00
1.00
34.00
32.00
24.00
24.00
74.00
20.00
2.00
22.00
644.00
13.00
80.00
53.00
46.00
14.00
7.00
3.00
1.00
1.00
20.00
23.00
5.00
196.00
34.00
21.00
1.00
16.00
1.00
3.00
77.00
16.00
38.00
79.00
17.00
6.00
4.00
2.00
19.00
12.00
21.00
14.00
40.00
154.00
23.00
210.00
12.00
122.00
24.00
16.00
79.00
57.00
4.00
14.00
1.00
1.00
8.00
4.00
13.00
30.00
11.00
31.00
26.00
1.00
14.00
42.00
1.00
1.00
1.00
5.00
48.00
28.00
129.00
19.00
12.00
316.00
81.00
4.00
206.00
1.00
28.00
126.00
10.00
50.00
31.00
7.00
1.00
3.00
13.00
2.00
25.00
6.00
26.00
8.00
7.00
12.00
24.00
8.00
14.00
2.00
29.00
16.00
50.00
93.00
23.00
29.00
1.00
29.00
26.00
3.00
36.00
1.00
199.00
42.00
138.00
40.00
110.00
51.00
34.00
5.00
19.00
25.00
4.00
1.00
12.00
2.00
1.00
64.00
53.00
8.00
2.00
2.00
12.00
8.00
2.00
39.00
2.00
1.00
1.00
31.00
3.00
2.00
1.00
7.00
13.00
5.00
1.00
4.00
1.00
21.00
17.00
3.00
2.00
11.00
24.00
7.00
2.00
64.00
1.00
24.00
17.00
2.00
11.00
12.00
39.00
508.00
1.00
49.00
15.00
8.00
19.00
57.00
4.00
1.00
1.00
1.00
29.00
2.00
1.00
9.00
13.00
3.00
14.00
11.00
35.00
68.00
28.00
1.00
1.00
1.00
1.00
201.00
14.00
2.00
50.00
28.00
35.00
1.00
1.00
1.00
44.00
66.00
178.00
35.00
64.00
144.00
31.00
4.00
6.00
3.00
7.00
4.00
60.00
2.00
2.00
4.00
1.00
7.00
25.00
4.00
19.00
12.00
2.00
1.00
13.00
11.00
6.00
10.00
34.00
46.00
3.00
12.00
1.00
11.00
4.00
5.00
14.00
14.00
32.00
20.00
5.00
20.00
2.00
52.00
11.00
1.00
22.00
13.00
7.00
10.00
14.00
49.00
44.00
484.00
1.00
79.00
3.00
27.00
115.00
8.00
16.00
17.00
13.00
2.00
20.00
30.00
2.00
8.00
64.00
57.00
24.00
22.00
43.00
7.00
34.00
41.00
2.00
29.00
6.00
98.00
40.00
347.00
161.00
14.00
36.00
7.00
54.00
2.00
85.00
47.00
36.00
2.00
5.00
1.00
19.00
1.00
4.00
4.00
4.00
1.00
24.00
17.00
15.00
11.00
18.00
13.00
3.00
1.00
9.00
6.00
37.00
1.00
2.00
28.00
7.00
13.00
15.00
2.00
18.00
3.00
1.00
11.00
5.00
7.00
11.00
1.00
1.00
4.00
20.00
4.00
71.00
174.00
2.00
19.00
268.00
41.00
8.00
18.00
6.00
1.00
21.00
4.00
18.00
11.00
39.00
54.00
9.00
2.00
17.00
21.00
10.00
24.00
14.00
4.00
5.00
8.00
3.00
11.00
2.00
60.00
8.00
1.00
13.00
4.00
11.00
3.00
1.00
26.00
8.00
4.00
1.00
9.00
9.00
22.00
4.00
145.00
334.00
197.00
1.00
127.00
1.00
3.00
20.00
10.00
34.00
1.00
10.00
7.00
16.00
15.00
32.00
1.00
21.00
2.00
33.00
26.00
1.00
52.00
12.00
4.00
32.00
9.00
16.00
40.00
22.00
6.00
7.00
1.00
8.00
11.00
84.00
5.00
38.00
60.00
3.00
18.00
177.00
2.00
7.00
2.00
3.00
6.00
1.00
15.00
274.00
1.00
2.00
1.00
1.00
2.00
12.00
77.00
4.00
22.00
1.00
2.00
5.00
8.00
15.00
20.00
39.00
5.00
3.00
3.00
23.00
4.00
1.00
28.00
15.00
12.00
13.00
5.00
23.00
3.00
9.00
47.00
7.00
25.00
5.00
2.00
10.00
29.00
63.00
17.00
76.00
59.00
99.00
51.00
39.00
293.00
62.00
6.00
54.00
44.00
2.00
8.00
13.00
7.00
13.00
27.00
18.00
65.00
15.00
18.00
1.00
11.00
7.00
31.00
44.00
96.00
7.00
26.00
9.00
20.00
36.00
46.00
1.00
7.00
21.00
1.00
8.00
64.00
602.00
82.00
2.00
45.00
5.00
21.00
8.00
1.00
34.00
23.00
1.00
5.00
10.00
1.00
5.00
1.00
1.00
2.00
1.00
24.00
1.00
11.00
11.00
66.00
4.00
49.00
69.00
50.00
172.00
193.00
295.00
18.00
25.00
2.00
127.00
1.00
3.00
2.00
3.00
53.00
9.00
5.00
27.00
2.00
8.00
34.00
5.00
15.00
3.00
13.00
21.00
16.00
15.00
3.00
7.00
4.00
9.00
1.00
6.00
3.00
1.00
3.00
1.00
30.00
4.00
13.00
6.00
8.00
14.00
58.00
1.00
71.00
96.00
132.00
338.00
23.00
1.00
84.00
1.00
21.00
126.00
25.00
8.00
18.00
9.00
58.00
14.00
5.00
2.00
1.00
