2
0
0
0
0
0
0
0
0
0
0
0
0
9
3
0
0
0
0
0
0
0
0
0
0
3
0
0
0
0
0
0
0
0
0
0
16
4
1
0
0
0
0
0
0
1
0
1
0
0
1
0
0
0
0
0
0
0
2
3
1
4
0
0
0
0
0
0
0
0
0
6
1
0
3
2
0
0
0
0
0
2
0
0
11
2
2
0
0
0
0
0
0
0
0
1
1
2
1
0
0
0
0
0
0
0
1
0
0
0
0
0
0
0
0
0
0
0
1
3
4
2
0
0
0
0
0
0
0
0
0
5
19
0
9
4
0
0
0
0
0
0
0
0
2
1
1
0
0
0
0
0
0
0
4
4
9
16
1
0
0
0
0
0
0
1
1
3
12
9
3
0
0
0
0
0
1
3
6
3
5
0
0
0
0
0
0
0
0
0
2
12
0
4
1
0
0
0
0
0
0
3
4
1
0
0
1
0
0
0
0
0
3
0
1
10
15
0
0
0
0
0
0
0
0
0
0
0
0
5
0
0
0
0
0
0
0
0
0
0
2
1
1
1
0
0
0
0
0
0
2
2
1
0
0
0
0
0
0
0
0
0
0
0
0
0
0
0
0
0
0
0
0
0
2
10
0
0
1
0
0
0
0
0
0
0
0
1
3
7
3
0
0
0
0
0
0
1
4
4
1
0
1
0
0
0
0
0
0
0
7
0
11
9
2
0
0
0
0
0
0
0
8
10
3
4
0
0
0
0
0
0
0
0
0
0
4
0
0
0
0
0
0
0
0
0
0
0
6
5
0
0
0
0
0
0
0
0
0
0
