22
10
11
0
22
2
0
0
9
1
7
25
12
1
3
14
2
0
0
0
1
18
5
2
13
8
8
3
7
0
0
0
6
18
11
6
23
0
1
0
1
0
0
0
1
5
30
42
0
2
12
5
1
1
6
0
6
11
12
16
17
5
0
2
0
0
1
1
12
3
13
14
7
10
1
0
0
0
3
0
5
29
6
5
10
10
9
2
0
0
2
10
3
12
10
22
3
13
22
7
1
6
0
6
16
18
15
12
27
23
8
9
7
16
0
0
7
15
8
5
12
12
1
9
5
0
0
6
19
2
20
6
43
24
5
13
2
0
0
0
6
13
41
18
23
1
23
10
1
0
4
7
6
17
14
12
26
29
5
5
5
9
2
0
4
40
27
18
45
31
9
5
3
2
0
1
6
15
33
14
38
3
2
6
2
0
0
0
0
6
17
13
14
5
6
4
6
1
1
0
27
24
12
17
0
5
12
12
0
0
0
0
17
2
2
34
49
16
3
9
1
0
0
1
0
34
24
14
19
19
4
8
6
0
0
0
14
18
27
7
26
9
16
9
4
0
0
0
4
17
23
14
39
35
6
12
3
0
0
2
13
25
6
15
22
22
13
2
25
1
7
3
7
6
2
20
6
1
2
1
0
0
0
0
6
12
6
7
34
4
9
2
0
0
0
0
2
24
11
3
6
21
4
5
0
0
7
0
4
7
12
4
10
10
9
0
0
10
0
4
24
6
27
6
6
15
0
2
6
0
1
1
1
14
12
35
24
25
10
7
19
3
0
0
1
38
24
37
64
11
0
13
12
2
0
1
0
18
2
20
