22.00
13.00
28.00
77.00
75.00
8.00
1.00
58.00
38.00
2.00
151.00
683.00
59.00
4.00
85.00
20.00
4.00
3.00
30.00
79.00
5.00
2.00
2.00
6.00
4.00
312.00
34.00
731.00
5.00
93.00
191.00
19.00
9.00
2.00
32.00
89.00
3.00
60.00
107.00
873.00
31.00
72.00
101.00
44.00
2.00
1.00
2.00
2.00
78.00
3.00
1.00
1.00
1133.00
54.00
18.00
14.00
3.00
17.00
28.00
15.00
5.00
143.00
5.00
167.00
42.00
802.00
33.00
159.00
10.00
170.00
7.00
1.00
6.00
2.00
1112.00
40.00
36.00
39.00
14.00
189.00
65.00
2.00
1.00
945.00
87.00
1.00
3.00
15.00
109.00
107.00
6.00
13.00
111.00
1.00
69.00
70.00
860.00
62.00
23.00
29.00
52.00
51.00
28.00
2.00
11.00
107.00
17.00
50.00
27.00
46.00
7.00
13.00
10.00
71.00
1.00
46.00
701.00
49.00
123.00
2.00
4.00
87.00
1.00
115.00
3.00
10.00
34.00
18.00
27.00
2.00
2.00
87.00
178.00
236.00
370.00
118.00
182.00
146.00
26.00
471.00
764.00
168.00
1.00
39.00
1.00
2.00
2.00
2.00
2.00
6.00
31.00
3.00
62.00
54.00
153.00
797.00
12.00
1.00
13.00
100.00
6.00
25.00
42.00
8.00
1.00
13.00
1.00
2.00
3.00
1.00
162.00
14.00
78.00
21.00
49.00
2.00
708.00
39.00
28.00
100.00
6.00
1.00
2.00
116.00
3.00
24.00
3.00
25.00
12.00
19.00
1.00
1.00
4.00
6.00
10.00
32.00
2.00
19.00
16.00
10.00
34.00
218.00
607.00
50.00
4.00
2.00
27.00
12.00
61.00
1.00
4.00
1.00
1.00
62.00
24.00
1.00
1.00
1.00
53.00
2.00
2.00
44.00
2.00
6.00
17.00
32.00
20.00
2.00
4.00
1.00
10.00
1.00
952.00
17.00
69.00
97.00
8.00
70.00
4.00
2.00
24.00
2.00
4.00
15.00
1.00
76.00
47.00
1.00
5.00
109.00
835.00
20.00
3.00
12.00
78.00
1.00
45.00
1.00
19.00
11.00
124.00
1.00
2.00
2.00
1.00
5.00
14.00
3.00
166.00
819.00
148.00
5.00
14.00
95.00
8.00
198.00
1.00
172.00
49.00
112.00
1.00
563.00
65.00
90.00
155.00
54.00
5.00
1.00
2.00
1.00
3.00
5.00
25.00
11.00
8.00
6.00
19.00
2.00
22.00
35.00
36.00
1.00
948.00
10.00
7.00
35.00
2.00
11.00
13.00
39.00
42.00
15.00
1.00
59.00
1.00
2.00
3.00
90.00
5.00
1.00
5.00
47.00
28.00
1.00
146.00
69.00
105.00
630.00
14.00
54.00
1.00
256.00
4.00
35.00
1.00
81.00
16.00
22.00
256.00
642.00
97.00
39.00
141.00
40.00
27.00
25.00
2.00
1.00
40.00
10.00
3.00
5.00
2.00
4.00
203.00
670.00
4.00
2.00
1.00
177.00
2.00
1.00
37.00
49.00
1.00
1.00
5.00
55.00
10.00
29.00
31.00
7.00
9.00
42.00
8.00
2.00
2.00
6.00
11.00
112.00
15.00
2.00
846.00
1.00
4.00
142.00
2.00
13.00
7.00
4.00
3.00
1.00
19.00
5.00
3.00
51.00
5.00
1.00
138.00
964.00
11.00
27.00
3.00
112.00
53.00
33.00
22.00
51.00
1.00
1.00
1.00
4.00
9.00
1.00
1.00
5.00
1.00
3.00
79.00
164.00
934.00
146.00
110.00
1.00
8.00
3.00
10.00
279.00
950.00
24.00
45.00
43.00
1.00
31.00
3.00
43.00
18.00
2.00
141.00
7.00
45.00
1.00
874.00
2.00
75.00
72.00
83.00
8.00
35.00
50.00
1.00
17.00
21.00
1.00
9.00
1.00
170.00
121.00
17.00
695.00
144.00
1.00
1.00
11.00
53.00
2.00
30.00
107.00
40.00
127.00
30.00
171.00
519.00
6.00
63.00
47.00
27.00
121.00
1.00
5.00
8.00
1.00
4.00
19.00
5.00
1.00
2.00
20.00
2.00
4.00
2.00
5.00
38.00
35.00
102.00
133.00
1.00
30.00
29.00
27.00
81.00
768.00
35.00
