18.00
1.00
1578.00
1.00
1.00
119.00
820.00
531.00
1117.00
52.00
220.00
1.00
4.00
45.00
28.00
1198.00
1518.00
8.00
1425.00
38.00
1173.00
104.00
203.00
204.00
3.00
1098.00
1435.00
1525.00
1.00
118.00
95.00
1215.00
1.00
102.00
9.00
48.00
326.00
1135.00
152.00
999.00
305.00
4.00
89.00
1.00
6.00
114.00
1.00
852.00
43.00
135.00
31.00
1.00
148.00
2.00
1.00
1.00
21.00
43.00
1.00
967.00
50.00
1.00
10.00
127.00
123.00
58.00
22.00
952.00
160.00
1.00
55.00
558.00
808.00
21.00
107.00
57.00
433.00
711.00
190.00
64.00
89.00
57.00
21.00
29.00
1.00
1.00
1533.00
62.00
1053.00
38.00
617.00
857.00
1.00
64.00
6.00
1264.00
1580.00
103.00
479.00
659.00
154.00
59.00
29.00
1.00
115.00
131.00
123.00
957.00
11.00
48.00
17.00
104.00
323.00
782.00
160.00
22.00
17.00
295.00
1.00
5.00
5.00
1.00
7.00
1023.00
128.00
139.00
1251.00
327.00
1119.00
323.00
124.00
815.00
171.00
