7
8
10
0
8
0
0
0
10
6
2
15
10
0
1
7
0
0
8
0
0
6
5
1
7
13
2
6
0
0
0
0
0
12
15
9
26
0
0
0
7
0
0
0
0
1
7
15
1
1
10
0
0
0
0
1
1
4
0
0
19
1
0
0
0
0
0
0
0
8
8
7
1
4
0
0
0
0
0
0
0
3
5
4
4
6
0
0
0
0
0
1
0
3
12
2
1
6
3
10
0
1
0
0
10
4
13
4
20
18
5
4
0
12
0
0
6
6
0
3
2
0
0
0
8
0
0
0
12
3
11
0
65
9
2
0
5
0
0
0
0
5
31
17
33
0
17
4
0
0
0
0
4
15
19
7
21
7
10
0
6
5
1
0
0
17
14
0
55
32
9
2
0
0
0
0
0
3
7
2
37
4
3
0
0
0
3
0
1
7
14
1
20
0
2
0
0
0
0
0
7
6
7
0
0
5
4
12
4
0
0
0
6
3
0
8
40
4
0
0
0
7
1
1
0
16
20
3
19
17
0
3
14
0
0
1
3
11
17
4
26
1
3
1
4
0
0
0
0
5
10
4
26
45
0
7
1
0
3
1
6
10
0
20
18
19
11
2
7
0
2
1
1
0
0
16
5
0
2
0
0
0
2
0
14
19
6
5
34
0
0
3
7
0
0
0
5
2
13
4
4
5
0
2
0
2
2
1
0
0
0
9
7
10
5
0
0
0
0
0
24
0
4
0
9
23
0
2
11
0
0
0
0
0
5
39
17
29
0
6
14
0
0
0
1
16
17
33
58
6
0
1
5
2
1
1
0
7
0
22
