13.00
14.00
38.00
367.00
156.00
587.00
19.00
1.00
10.00
80.00
11.00
145.00
1.00
106.00
5.00
39.00
52.00
15.00
1.00
1.00
10.00
8.00
7.00
64.00
1.00
723.00
99.00
4.00
72.00
78.00
250.00
3.00
15.00
150.00
130.00
615.00
19.00
48.00
4.00
92.00
1.00
9.00
72.00
11.00
54.00
103.00
35.00
2.00
2.00
2.00
19.00
21.00
14.00
9.00
2.00
1.00
80.00
68.00
205.00
11.00
559.00
1.00
28.00
2.00
10.00
192.00
75.00
60.00
1.00
1.00
204.00
64.00
559.00
266.00
76.00
96.00
76.00
12.00
31.00
41.00
65.00
27.00
4.00
10.00
18.00
169.00
41.00
1.00
8.00
1.00
2.00
3.00
2.00
115.00
1.00
583.00
34.00
1.00
3.00
54.00
165.00
2.00
28.00
21.00
13.00
68.00
77.00
4.00
4.00
12.00
50.00
122.00
1.00
8.00
1.00
20.00
1.00
23.00
3.00
14.00
5.00
660.00
5.00
1.00
34.00
67.00
14.00
151.00
25.00
110.00
89.00
4.00
3.00
1.00
1089.00
69.00
20.00
119.00
69.00
6.00
114.00
2.00
46.00
17.00
1.00
62.00
174.00
379.00
1.00
226.00
3.00
9.00
28.00
4.00
39.00
36.00
248.00
198.00
1.00
678.00
188.00
72.00
80.00
5.00
50.00
1.00
46.00
21.00
10.00
68.00
6.00
1.00
269.00
154.00
792.00
13.00
40.00
44.00
3.00
52.00
9.00
10.00
120.00
92.00
8.00
62.00
91.00
58.00
515.00
15.00
46.00
11.00
174.00
204.00
53.00
4.00
66.00
11.00
7.00
136.00
837.00
20.00
1.00
13.00
1.00
50.00
65.00
1.00
9.00
1.00
1.00
112.00
29.00
4.00
36.00
35.00
5.00
4.00
596.00
348.00
6.00
26.00
8.00
22.00
11.00
2.00
47.00
23.00
14.00
33.00
135.00
10.00
29.00
41.00
52.00
14.00
18.00
11.00
2.00
19.00
13.00
10.00
7.00
128.00
614.00
42.00
2.00
13.00
19.00
8.00
5.00
136.00
11.00
88.00
18.00
1.00
57.00
20.00
1.00
45.00
89.00
3.00
649.00
142.00
7.00
219.00
16.00
12.00
143.00
6.00
105.00
32.00
1.00
133.00
3.00
3.00
43.00
1.00
59.00
4.00
3.00
44.00
101.00
270.00
334.00
5.00
20.00
9.00
4.00
22.00
30.00
27.00
10.00
28.00
4.00
38.00
255.00
47.00
188.00
5.00
574.00
16.00
54.00
107.00
23.00
63.00
89.00
13.00
34.00
16.00
4.00
20.00
1.00
44.00
144.00
38.00
861.00
8.00
71.00
17.00
114.00
83.00
118.00
3.00
156.00
7.00
44.00
195.00
551.00
24.00
120.00
42.00
142.00
76.00
91.00
8.00
45.00
1.00
1.00
46.00
20.00
24.00
61.00
30.00
38.00
47.00
99.00
18.00
487.00
96.00
1.00
31.00
16.00
23.00
1.00
1.00
22.00
38.00
25.00
8.00
11.00
50.00
87.00
29.00
61.00
50.00
29.00
160.00
93.00
555.00
12.00
46.00
1.00
1.00
5.00
6.00
10.00
102.00
123.00
225.00
48.00
1.00
297.00
409.00
2.00
1.00
255.00
1.00
10.00
35.00
30.00
70.00
1.00
2.00
53.00
74.00
143.00
38.00
11.00
379.00
386.00
22.00
5.00
1.00
155.00
1.00
42.00
12.00
3.00
19.00
4.00
1.00
56.00
57.00
63.00
44.00
1.00
15.00
123.00
1.00
194.00
356.00
287.00
9.00
7.00
1.00
7.00
65.00
9.00
44.00
2.00
8.00
68.00
4.00
156.00
47.00
7.00
10.00
107.00
151.00
83.00
4.00
68.00
585.00
60.00
15.00
19.00
2.00
256.00
24.00
5.00
4.00
1.00
7.00
17.00
47.00
1.00
39.00
45.00
1.00
30.00
282.00
437.00
23.00
12.00
3.00
177.00
1.00
24.00
59.00
18.00
2.00
6.00
19.00
2.00
7.00
57.00
118.00
12.00
3.00
108.00
547.00
1.00
247.00
13.00
1.00
8.00
39.00
6.00
21.00
121.00
11.00
20.00
15.00
42.00
2.00
93.00
1.00
13.00
77.00
165.00
719.00
4.00
78.00
81.00
7.00
41.00
3.00
17.00
23.00
5.00
55.00
145.00
117.00
124.00
474.00
212.00
1.00
18.00
29.00
22.00
3.00
85.00
17.00
69.00
93.00
6.00
18.00
24.00
