1.00
1.00
4.00
1.00
3.00
1.00
2.00
3.00
1.00
1.00
3.00
2.00
1.00
3.00
2.00
2.00
1.00
1.00
1.00
3.00
5.00
1.00
3.00
1.00
2.00
2.00
7.00
4.00
1.00
2.00
1.00
1.00
3.00
1.00
1.00
10.00
4.00
2.00
1.00
5.00
3.00
2.00
6.00
3.00
4.00
1.00
1.00
2.00
1.00
3.00
1.00
2.00
1.00
2.00
1.00
2.00
4.00
6.00
2.00
1.00
2.00
1.00
2.00
4.00
2.00
2.00
3.00
2.00
1.00
1.00
4.00
1.00
3.00
1.00
2.00
3.00
1.00
1.00
3.00
1.00
9.00
1.00
3.00
2.00
1.00
1.00
2.00
1.00
3.00
1.00
2.00
2.00
2.00
3.00
2.00
2.00
4.00
9.00
1.00
4.00
3.00
1.00
1.00
1.00
2.00
3.00
3.00
2.00
3.00
3.00
1.00
1.00
1.00
1.00
3.00
4.00
1.00
3.00
1.00
6.00
1.00
2.00
1.00
4.00
9.00
7.00
1.00
2.00
2.00
3.00
4.00
1.00
1.00
