39.00
186.00
118.00
897.00
90.00
26.00
45.00
96.00
1098.00
99.00
1.00
353.00
6.00
1079.00
224.00
2.00
4.00
9.00
86.00
1.00
1202.00
48.00
18.00
1227.00
389.00
9.00
2.00
5.00
1155.00
362.00
1.00
950.00
116.00
362.00
1258.00
3.00
13.00
432.00
1.00
703.00
50.00
128.00
292.00
134.00
794.00
121.00
1603.00
173.00
7.00
60.00
3.00
1.00
58.00
1081.00
14.00
2.00
247.00
179.00
175.00
712.00
39.00
134.00
17.00
231.00
99.00
59.00
830.00
2.00
60.00
30.00
13.00
77.00
8.00
166.00
1.00
8.00
60.00
127.00
1.00
962.00
1.00
281.00
2.00
7.00
1176.00
20.00
319.00
1008.00
1461.00
305.00
13.00
3.00
20.00
43.00
1130.00
1.00
71.00
205.00
4.00
12.00
106.00
1048.00
1.00
336.00
2.00
1.00
43.00
1030.00
140.00
262.00
5.00
46.00
17.00
18.00
894.00
5.00
300.00
151.00
81.00
1.00
1156.00
1283.00
11.00
286.00
1.00
39.00
1194.00
1600.00
1238.00
4.00
7.00
389.00
1.00
1183.00
4.00
1.00
70.00
1.00
1.00
149.00
1.00
968.00
80.00
142.00
2.00
44.00
52.00
25.00
87.00
1225.00
1.00
1.00
