16.00
1.00
1.00
5.00
1.00
5.00
16.00
1.00
71.00
71.00
1.00
2.00
1.00
23.00
31.00
31.00
9.00
39.00
44.00
47.00
48.00
2.00
12.00
11.00
29.00
3.00
73.00
184.00
37.00
35.00
49.00
1.00
8.00
22.00
74.00
1.00
8.00
57.00
18.00
1.00
29.00
1.00
25.00
4.00
8.00
2.00
2.00
6.00
13.00
3.00
27.00
48.00
5.00
1.00
5.00
4.00
19.00
36.00
87.00
60.00
63.00
2.00
1.00
12.00
32.00
32.00
21.00
43.00
4.00
100.00
106.00
2.00
24.00
10.00
1.00
118.00
1.00
207.00
18.00
1.00
1.00
3.00
1.00
43.00
40.00
20.00
95.00
5.00
56.00
1.00
13.00
6.00
20.00
10.00
8.00
77.00
1.00
1.00
3.00
50.00
47.00
51.00
37.00
2.00
32.00
32.00
1.00
34.00
82.00
2.00
2.00
16.00
188.00
43.00
6.00
3.00
28.00
1.00
3.00
167.00
1.00
5.00
3.00
26.00
7.00
1.00
53.00
27.00
1.00
1.00
1.00
7.00
3.00
2.00
1.00
22.00
2.00
3.00
1.00
14.00
5.00
1.00
1.00
19.00
26.00
5.00
12.00
28.00
15.00
11.00
12.00
1.00
44.00
18.00
1.00
4.00
1.00
226.00
16.00
57.00
69.00
4.00
19.00
2.00
67.00
1.00
312.00
173.00
46.00
44.00
19.00
1.00
22.00
1.00
18.00
25.00
25.00
12.00
7.00
8.00
2.00
10.00
8.00
14.00
2.00
10.00
23.00
91.00
121.00
40.00
1.00
20.00
16.00
19.00
45.00
53.00
307.00
57.00
91.00
2.00
52.00
32.00
1.00
2.00
83.00
1.00
4.00
4.00
26.00
1.00
47.00
1.00
59.00
1.00
6.00
15.00
9.00
1.00
1.00
22.00
34.00
7.00
1.00
60.00
2.00
31.00
1.00
2.00
1.00
47.00
32.00
25.00
18.00
17.00
27.00
40.00
64.00
58.00
193.00
173.00
217.00
1.00
20.00
1.00
77.00
5.00
45.00
1.00
32.00
25.00
3.00
1.00
34.00
2.00
1.00
39.00
16.00
26.00
24.00
72.00
2.00
59.00
2.00
1.00
5.00
2.00
155.00
6.00
25.00
14.00
132.00
1.00
1.00
47.00
2.00
3.00
17.00
3.00
148.00
81.00
8.00
1.00
95.00
13.00
24.00
26.00
26.00
14.00
48.00
19.00
1.00
1.00
49.00
12.00
33.00
70.00
3.00
67.00
6.00
17.00
10.00
2.00
1.00
1.00
2.00
5.00
85.00
6.00
13.00
43.00
20.00
65.00
1.00
1.00
6.00
98.00
56.00
23.00
81.00
3.00
2.00
88.00
111.00
5.00
14.00
77.00
2.00
26.00
83.00
69.00
57.00
1.00
2.00
1.00
3.00
15.00
10.00
2.00
22.00
16.00
22.00
44.00
5.00
42.00
24.00
1.00
2.00
2.00
1.00
25.00
73.00
2.00
11.00
21.00
12.00
10.00
4.00
13.00
46.00
5.00
1.00
1.00
1.00
7.00
6.00
3.00
8.00
9.00
17.00
13.00
11.00
2.00
20.00
25.00
13.00
24.00
18.00
40.00
1.00
23.00
15.00
1.00
1.00
50.00
31.00
1.00
1.00
80.00
131.00
125.00
25.00
30.00
43.00
1.00
3.00
22.00
3.00
7.00
1.00
1.00
11.00
1.00
6.00
1.00
3.00
1.00
2.00
35.00
1.00
19.00
3.00
6.00
14.00
11.00
10.00
17.00
7.00
39.00
41.00
2.00
2.00
5.00
1.00
19.00
4.00
1.00
11.00
1.00
4.00
3.00
18.00
3.00
3.00
1.00
3.00
29.00
1.00
38.00
3.00
11.00
75.00
11.00
9.00
17.00
24.00
13.00
1.00
1.00
9.00
9.00
8.00
24.00
12.00
58.00
9.00
2.00
1.00
27.00
20.00
1.00
9.00
24.00
299.00
1.00
1.00
39.00
7.00
28.00
7.00
10.00
6.00
1.00
5.00
39.00
35.00
35.00
16.00
37.00
19.00
43.00
30.00
1.00
7.00
17.00
26.00
60.00
1.00
75.00
1.00
26.00
58.00
37.00
2.00
83.00
19.00
27.00
6.00
12.00
21.00
1.00
102.00
1.00
101.00
186.00
3.00
1.00
10.00
55.00
4.00
5.00
3.00
3.00
1.00
17.00
61.00
27.00
47.00
1.00
1.00
9.00
7.00
1.00
4.00
2.00
3.00
2.00
31.00
22.00
2.00
67.00
12.00
1.00
35.00
1.00
3.00
1.00
1.00
4.00
24.00
2.00
63.00
51.00
16.00
30.00
9.00
3.00
22.00
22.00
3.00
25.00
52.00
1.00
8.00
1.00
25.00
321.00
4.00
116.00
3.00
7.00
44.00
1.00
1.00
38.00
1.00
2.00
49.00
19.00
1.00
21.00
6.00
2.00
4.00
8.00
12.00
95.00
2.00
23.00
42.00
6.00
12.00
68.00
38.00
37.00
2.00
3.00
9.00
6.00
2.00
22.00
35.00
9.00
46.00
3.00
28.00
23.00
88.00
3.00
71.00
83.00
5.00
8.00
56.00
29.00
18.00
1.00
77.00
98.00
3.00
9.00
5.00
1.00
44.00
2.00
16.00
1.00
17.00
24.00
8.00
33.00
4.00
11.00
14.00
20.00
5.00
1.00
97.00
8.00
1.00
1.00
22.00
24.00
1.00
1.00
2.00
1.00
3.00
20.00
2.00
2.00
6.00
10.00
27.00
2.00
17.00
12.00
4.00
1.00
1.00
23.00
21.00
75.00
86.00
2.00
2.00
5.00
1.00
54.00
63.00
8.00
9.00
107.00
13.00
4.00
23.00
2.00
212.00
1.00
1.00
1.00
5.00
2.00
1.00
1.00
23.00
2.00
21.00
8.00
27.00
3.00
15.00
1.00
2.00
8.00
4.00
1.00
13.00
13.00
18.00
2.00
35.00
2.00
4.00
1.00
1.00
5.00
1.00
20.00
8.00
12.00
26.00
4.00
1.00
2.00
11.00
15.00
3.00
5.00
1.00
8.00
3.00
13.00
11.00
1.00
16.00
2.00
1.00
3.00
4.00
3.00
11.00
27.00
31.00
5.00
42.00
26.00
3.00
37.00
5.00
1.00
15.00
5.00
19.00
70.00
68.00
57.00
100.00
1.00
141.00
42.00
123.00
2.00
7.00
23.00
9.00
10.00
8.00
4.00
12.00
9.00
6.00
12.00
5.00
13.00
1.00
1.00
39.00
1.00
7.00
5.00
1.00
2.00
1.00
1.00
11.00
2.00
32.00
8.00
4.00
1.00
3.00
10.00
9.00
1.00
3.00
1.00
12.00
43.00
1.00
26.00
1.00
40.00
1.00
2.00
21.00
63.00
17.00
1.00
23.00
10.00
60.00
18.00
3.00
27.00
85.00
3.00
146.00
7.00
43.00
143.00
80.00
93.00
5.00
27.00
2.00
6.00
2.00
15.00
5.00
3.00
64.00
10.00
2.00
9.00
17.00
8.00
1.00
6.00
6.00
34.00
42.00
27.00
9.00
1.00
2.00
2.00
5.00
1.00
1.00
1.00
64.00
3.00
7.00
17.00
11.00
1.00
42.00
1.00
12.00
26.00
10.00
2.00
9.00
1.00
20.00
40.00
38.00
107.00
133.00
3.00
15.00
14.00
1.00
33.00
84.00
129.00
5.00
1.00
6.00
1.00
1.00
1.00
18.00
31.00
14.00
53.00
1.00
1.00
6.00
12.00
1.00
30.00
1.00
1.00
9.00
3.00
15.00
26.00
1.00
31.00
1.00
11.00
15.00
9.00
13.00
2.00
133.00
129.00
35.00
1.00
40.00
8.00
89.00
7.00
1.00
23.00
4.00
111.00
35.00
33.00
3.00
51.00
71.00
79.00
15.00
85.00
1.00
3.00
59.00
1.00
63.00
19.00
6.00
23.00
11.00
13.00
85.00
38.00
2.00
2.00
2.00
2.00
1.00
2.00
2.00
9.00
1.00
1.00
4.00
7.00
7.00
1.00
2.00
10.00
4.00
2.00
1.00
6.00
13.00
6.00
26.00
4.00
8.00
10.00
3.00
1.00
1.00
30.00
65.00
1.00
104.00
40.00
5.00
1.00
1.00
33.00
7.00
1.00
4.00
7.00
2.00
1.00
1.00
1.00
20.00
5.00
7.00
128.00
53.00
3.00
274.00
9.00
2.00
16.00
8.00
19.00
1.00
1.00
2.00
5.00
1.00
1.00
34.00
1.00
7.00
4.00
2.00
19.00
2.00
1.00
18.00
7.00
5.00
1.00
3.00
9.00
43.00
1.00
6.00
5.00
2.00
70.00
1.00
3.00
5.00
5.00
34.00
27.00
1.00
16.00
3.00
53.00
1.00
1.00
47.00
25.00
29.00
15.00
6.00
23.00
1.00
41.00
2.00
2.00
12.00
207.00
148.00
63.00
1.00
4.00
39.00
60.00
33.00
1.00
5.00
1.00
5.00
27.00
2.00
1.00
6.00
9.00
1.00
11.00
3.00
2.00
1.00
42.00
1.00
76.00
1.00
1.00
2.00
1.00
70.00
11.00
1.00
15.00
38.00
3.00
35.00
1.00
2.00
9.00
17.00
4.00
34.00
5.00
3.00
2.00
17.00
10.00
26.00
1.00
52.00
1.00
1.00
4.00
13.00
22.00
5.00
151.00
29.00
159.00
213.00
1.00
3.00
9.00
1.00
22.00
16.00
4.00
48.00
21.00
2.00
9.00
1.00
11.00
5.00
1.00
1.00
3.00
1.00
1.00
17.00
37.00
47.00
1.00
25.00
5.00
1.00
26.00
15.00
1.00
12.00
21.00
1.00
8.00
1.00
3.00
1.00
2.00
4.00
1.00
38.00
13.00
31.00
3.00
1.00
10.00
3.00
8.00
15.00
1.00
24.00
2.00
83.00
9.00
1.00
42.00
98.00
54.00
3.00
193.00
6.00
19.00
10.00
75.00
1.00
17.00
5.00
1.00
23.00
29.00
2.00
3.00
2.00
11.00
7.00
1.00
30.00
4.00
35.00
31.00
48.00
4.00
51.00
1.00
1.00
9.00
28.00
1.00
11.00
6.00
2.00
6.00
2.00
1.00
10.00
22.00
1.00
1.00
1.00
3.00
1.00
8.00
56.00
2.00
41.00
2.00
12.00
26.00
3.00
8.00
9.00
26.00
42.00
1.00
13.00
1.00
19.00
2.00
3.00
1.00
57.00
7.00
46.00
1.00
54.00
22.00
41.00
20.00
11.00
1.00
133.00
1.00
1.00
11.00
1.00
15.00
11.00
1.00
105.00
28.00
10.00
57.00
1.00
10.00
29.00
17.00
6.00
3.00
6.00
3.00
1.00
14.00
2.00
1.00
46.00
3.00
1.00
1.00
25.00
53.00
2.00
45.00
28.00
20.00
1.00
1.00
11.00
14.00
1.00
61.00
1.00
5.00
23.00
72.00
1.00
21.00
29.00
10.00
58.00
39.00
7.00
112.00
2.00
9.00
3.00
45.00
25.00
16.00
3.00
20.00
94.00
8.00
24.00
1.00
12.00
1.00
1.00
1.00
1.00
5.00
1.00
13.00
1.00
4.00
1.00
52.00
6.00
26.00
2.00
1.00
5.00
92.00
6.00
1.00
3.00
1.00
20.00
5.00
2.00
3.00
23.00
13.00
1.00
4.00
3.00
3.00
5.00
1.00
30.00
2.00
1.00
1.00
1.00
1.00
3.00
1.00
2.00
37.00
26.00
89.00
69.00
31.00
1.00
1.00
57.00
23.00
1.00
1.00
17.00
3.00
1.00
12.00
26.00
44.00
1.00
1.00
252.00
127.00
26.00
9.00
1.00
1.00
6.00
19.00
83.00
6.00
4.00
20.00
6.00
7.00
1.00
1.00
4.00
29.00
3.00
141.00
2.00
72.00
9.00
23.00
7.00
1.00
69.00
3.00
30.00
9.00
15.00
46.00
2.00
65.00
50.00
1.00
1.00
262.00
12.00
1.00
2.00
20.00
75.00
7.00
20.00
41.00
27.00
22.00
40.00
2.00
4.00
4.00
12.00
127.00
9.00
18.00
1.00
17.00
1.00
20.00
13.00
1.00
29.00
35.00
23.00
17.00
19.00
2.00
3.00
1.00
32.00
1.00
23.00
5.00
1.00
10.00
9.00
6.00
1.00
7.00
12.00
6.00
31.00
14.00
15.00
9.00
1.00
1.00
41.00
1.00
30.00
8.00
39.00
45.00
179.00
1.00
15.00
1.00
1.00
1.00
23.00
3.00
78.00
46.00
2.00
10.00
27.00
1.00
108.00
2.00
36.00
2.00
1.00
1.00
71.00
21.00
2.00
14.00
1.00
18.00
10.00
3.00
17.00
1.00
27.00
6.00
69.00
14.00
60.00
4.00
34.00
5.00
16.00
19.00
3.00
3.00
8.00
14.00
2.00
1.00
7.00
1.00
2.00
2.00
37.00
32.00
57.00
27.00
6.00
57.00
1.00
2.00
2.00
2.00
2.00
4.00
2.00
1.00
21.00
10.00
1.00
139.00
34.00
144.00
1.00
105.00
6.00
59.00
76.00
1.00
2.00
1.00
3.00
2.00
9.00
24.00
38.00
14.00
1.00
29.00
1.00
16.00
1.00
14.00
6.00
4.00
1.00
1.00
9.00
2.00
22.00
2.00
5.00
1.00
51.00
8.00
13.00
100.00
1.00
38.00
39.00
26.00
32.00
15.00
28.00
29.00
52.00
14.00
1.00
2.00
5.00
24.00
2.00
20.00
11.00
66.00
1.00
1.00
13.00
26.00
14.00
55.00
196.00
2.00
7.00
50.00
3.00
5.00
12.00
1.00
3.00
17.00
17.00
6.00
1.00
1.00
5.00
17.00
1.00
18.00
1.00
4.00
1.00
4.00
5.00
7.00
5.00
6.00
5.00
22.00
3.00
3.00
5.00
1.00
8.00
2.00
4.00
2.00
19.00
2.00
2.00
21.00
13.00
16.00
19.00
101.00
4.00
3.00
3.00
1.00
9.00
3.00
72.00
9.00
12.00
26.00
1.00
23.00
21.00
4.00
1.00
3.00
7.00
1.00
1.00
31.00
11.00
1.00
1.00
2.00
8.00
1.00
17.00
1.00
136.00
109.00
72.00
92.00
2.00
35.00
19.00
52.00
11.00
1.00
11.00
5.00
33.00
84.00
2.00
1.00
10.00
8.00
1.00
2.00
1.00
7.00
