22.00
12.00
10.00
98.00
74.00
9.00
58.00
38.00
2.00
150.00
54.00
20.00
466.00
34.00
2.00
1.00
87.00
2.00
1.00
79.00
3.00
85.00
4.00
3.00
38.00
84.00
1.00
4.00
6.00
4.00
287.00
23.00
34.00
3.00
318.00
41.00
363.00
4.00
1.00
89.00
191.00
19.00
8.00
36.00
90.00
3.00
61.00
107.00
110.00
1.00
41.00
620.00
54.00
32.00
30.00
59.00
2.00
2.00
97.00
1.00
44.00
1.00
1.00
2.00
2.00
83.00
1.00
4.00
377.00
90.00
1.00
583.00
141.00
17.00
20.00
9.00
5.00
26.00
15.00
5.00
145.00
5.00
169.00
42.00
555.00
141.00
134.00
354.00
6.00
2.00
110.00
996.00
1.00
37.00
36.00
40.00
11.00
2.00
185.00
84.00
5.00
941.00
113.00
33.00
182.00
5.00
12.00
114.00
2.00
766.00
256.00
70.00
23.00
46.00
124.00
106.00
147.00
7.00
5.00
94.00
43.00
1.00
92.00
142.00
382.00
2.00
72.00
1.00
46.00
1.00
122.00
1.00
85.00
115.00
2.00
10.00
36.00
13.00
6.00
27.00
2.00
1.00
87.00
2.00
175.00
1.00
17.00
216.00
6.00
3.00
1.00
1.00
2.00
350.00
114.00
31.00
148.00
178.00
467.00
1.00
510.00
21.00
7.00
84.00
26.00
95.00
1.00
12.00
154.00
40.00
1.00
1.00
1.00
2.00
1.00
8.00
34.00
6.00
117.00
222.00
2.00
1.00
4.00
635.00
1.00
75.00
10.00
1.00
17.00
97.00
27.00
1.00
43.00
8.00
1.00
14.00
1.00
1.00
2.00
1.00
162.00
92.00
6.00
61.00
654.00
51.00
37.00
26.00
47.00
50.00
1.00
6.00
1.00
114.00
61.00
12.00
19.00
1.00
5.00
1.00
53.00
41.00
51.00
2.00
213.00
130.00
2.00
177.00
297.00
44.00
2.00
82.00
33.00
1.00
1.00
4.00
11.00
151.00
2.00
2.00
43.00
2.00
6.00
18.00
32.00
22.00
1.00
2.00
4.00
12.00
1.00
226.00
729.00
17.00
70.00
105.00
2.00
68.00
4.00
2.00
27.00
10.00
15.00
78.00
46.00
7.00
108.00
406.00
1.00
45.00
233.00
147.00
16.00
1.00
12.00
3.00
71.00
83.00
124.00
1.00
5.00
2.00
7.00
184.00
717.00
19.00
78.00
147.00
2.00
2.00
14.00
307.00
224.00
103.00
34.00
3.00
519.00
67.00
88.00
1.00
210.00
20.00
32.00
24.00
1.00
11.00
4.00
8.00
2.00
6.00
18.00
1.00
22.00
34.00
18.00
518.00
7.00
186.00
190.00
65.00
5.00
8.00
12.00
51.00
7.00
2.00
40.00
39.00
90.00
2.00
3.00
94.00
5.00
1.00
5.00
47.00
28.00
3.00
142.00
127.00
43.00
2.00
9.00
376.00
76.00
147.00
6.00
11.00
3.00
33.00
11.00
8.00
168.00
73.00
3.00
39.00
1.00
103.00
22.00
96.00
126.00
30.00
1.00
1.00
619.00
17.00
61.00
38.00
22.00
13.00
142.00
101.00
40.00
10.00
3.00
4.00
4.00
4.00
145.00
59.00
5.00
95.00
214.00
1.00
2.00
96.00
214.00
28.00
7.00
1.00
4.00
5.00
218.00
49.00
1.00
1.00
5.00
55.00
10.00
29.00
4.00
34.00
9.00
51.00
1.00
1.00
5.00
12.00
112.00
15.00
54.00
129.00
28.00
5.00
1.00
262.00
215.00
289.00
1.00
12.00
3.00
6.00
4.00
33.00
57.00
5.00
207.00
31.00
471.00
227.00
42.00
3.00
20.00
2.00
3.00
18.00
9.00
69.00
26.00
2.00
5.00
193.00
22.00
8.00
44.00
1.00
1.00
14.00
1.00
7.00
1.00
3.00
283.00
62.00
52.00
1.00
3.00
521.00
3.00
117.00
56.00
65.00
1.00
146.00
110.00
1.00
8.00
3.00
10.00
280.00
296.00
1.00
19.00
26.00
104.00
570.00
43.00
1.00
31.00
52.00
13.00
1.00
1.00
93.00
55.00
49.00
668.00
1.00
3.00
1.00
1.00
4.00
173.00
3.00
83.00
155.00
48.00
50.00
1.00
17.00
22.00
2.00
184.00
120.00
12.00
693.00
140.00
12.00
53.00
145.00
168.00
30.00
90.00
23.00
46.00
1.00
1.00
1.00
483.00
25.00
1.00
3.00
2.00
21.00
50.00
33.00
28.00
9.00
4.00
13.00
8.00
22.00
55.00
2.00
1.00
7.00
1.00
4.00
1.00
25.00
5.00
1.00
20.00
1.00
7.00
5.00
1.00
1.00
1.00
38.00
35.00
244.00
97.00
4.00
8.00
1.00
79.00
1.00
222.00
110.00
244.00
1.00
194.00
