4.00
6.00
3.00
2.00
5.00
11.00
1.00
1.00
2.00
5.00
3.00
7.00
1.00
3.00
1.00
1.00
1.00
3.00
1.00
6.00
1.00
1.00
2.00
2.00
1.00
2.00
2.00
3.00
1.00
3.00
1.00
1.00
1.00
4.00
1.00
4.00
2.00
12.00
6.00
1.00
1.00
1.00
1.00
2.00
1.00
1.00
11.00
3.00
6.00
1.00
2.00
7.00
1.00
2.00
1.00
1.00
5.00
2.00
2.00
1.00
1.00
7.00
9.00
3.00
7.00
2.00
5.00
4.00
1.00
2.00
6.00
2.00
16.00
1.00
1.00
2.00
1.00
1.00
2.00
2.00
1.00
4.00
2.00
4.00
1.00
1.00
1.00
1.00
1.00
1.00
1.00
1.00
1.00
1.00
2.00
3.00
4.00
1.00
4.00
3.00
1.00
1.00
7.00
1.00
2.00
3.00
1.00
2.00
3.00
1.00
3.00
1.00
21.00
3.00
1.00
1.00
2.00
3.00
4.00
1.00
2.00
4.00
7.00
1.00
2.00
3.00
2.00
4.00
10.00
2.00
3.00
2.00
1.00
2.00
10.00
4.00
3.00
4.00
2.00
2.00
2.00
2.00
2.00
1.00
2.00
4.00
1.00
1.00
6.00
2.00
2.00
2.00
2.00
1.00
2.00
4.00
1.00
4.00
1.00
2.00
4.00
2.00
3.00
1.00
1.00
1.00
2.00
7.00
1.00
2.00
1.00
1.00
2.00
2.00
5.00
1.00
1.00
1.00
3.00
10.00
6.00
2.00
1.00
1.00
10.00
7.00
1.00
5.00
1.00
4.00
8.00
3.00
1.00
2.00
4.00
1.00
1.00
5.00
2.00
1.00
2.00
5.00
1.00
1.00
7.00
2.00
1.00
3.00
1.00
2.00
1.00
1.00
13.00
10.00
2.00
1.00
8.00
8.00
2.00
20.00
2.00
1.00
1.00
2.00
5.00
1.00
6.00
2.00
4.00
4.00
1.00
2.00
7.00
7.00
7.00
1.00
1.00
2.00
1.00
3.00
4.00
6.00
3.00
1.00
3.00
2.00
3.00
3.00
1.00
8.00
3.00
3.00
1.00
1.00
1.00
2.00
3.00
3.00
1.00
2.00
1.00
6.00
1.00
1.00
7.00
3.00
5.00
1.00
4.00
1.00
1.00
2.00
9.00
1.00
1.00
3.00
1.00
1.00
1.00
6.00
1.00
1.00
1.00
2.00
2.00
8.00
1.00
7.00
7.00
1.00
2.00
6.00
1.00
10.00
8.00
2.00
4.00
2.00
2.00
2.00
1.00
5.00
4.00
3.00
3.00
3.00
7.00
6.00
5.00
2.00
2.00
1.00
11.00
5.00
1.00
1.00
5.00
10.00
3.00
3.00
3.00
2.00
5.00
2.00
3.00
4.00
1.00
3.00
1.00
2.00
3.00
2.00
1.00
2.00
1.00
1.00
3.00
1.00
1.00
4.00
1.00
4.00
2.00
5.00
5.00
2.00
1.00
2.00
3.00
12.00
4.00
2.00
14.00
1.00
11.00
1.00
1.00
2.00
2.00
5.00
2.00
6.00
4.00
3.00
1.00
1.00
1.00
1.00
1.00
2.00
1.00
2.00
1.00
1.00
1.00
3.00
5.00
5.00
9.00
2.00
1.00
7.00
2.00
1.00
1.00
14.00
1.00
1.00
8.00
6.00
1.00
4.00
6.00
3.00
1.00
1.00
1.00
2.00
3.00
1.00
2.00
4.00
12.00
1.00
1.00
3.00
1.00
3.00
1.00
2.00
1.00
1.00
1.00
3.00
1.00
1.00
2.00
5.00
3.00
1.00
7.00
1.00
1.00
10.00
1.00
3.00
5.00
3.00
6.00
1.00
4.00
2.00
1.00
6.00
1.00
1.00
1.00
2.00
1.00
3.00
1.00
2.00
1.00
7.00
6.00
10.00
2.00
5.00
8.00
5.00
6.00
2.00
1.00
2.00
3.00
6.00
1.00
3.00
1.00
2.00
1.00
1.00
11.00
6.00
2.00
1.00
5.00
2.00
8.00
1.00
2.00
2.00
2.00
3.00
2.00
1.00
2.00
3.00
1.00
8.00
1.00
4.00
1.00
1.00
1.00
1.00
2.00
11.00
5.00
6.00
3.00
1.00
1.00
6.00
1.00
4.00
1.00
7.00
5.00
1.00
1.00
1.00
1.00
4.00
1.00
4.00
1.00
1.00
1.00
1.00
1.00
3.00
7.00
6.00
2.00
2.00
1.00
2.00
3.00
3.00
1.00
5.00
2.00
1.00
1.00
1.00
2.00
3.00
