1
1
2
0
0
0
0
0
0
0
4
8
1
0
0
0
0
0
0
0
0
1
4
0
0
6
0
0
0
0
0
0
0
0
1
3
9
0
0
0
0
0
0
0
0
0
5
3
0
0
0
0
0
0
0
0
0
2
0
0
9
0
0
0
0
0
0
0
0
0
1
0
0
7
0
0
0
0
0
0
0
1
2
0
0
2
0
0
0
0
0
0
0
0
0
14
0
0
0
2
0
0
0
0
1
1
2
0
6
2
1
0
0
0
0
0
1
2
0
0
0
0
0
0
0
0
0
0
0
0
3
0
24
1
0
0
0
0
0
0
0
0
21
0
4
0
1
1
0
0
0
0
0
4
7
1
7
1
4
0
0
0
0
0
0
14
5
0
15
8
0
0
0
0
0
0
0
5
0
0
8
0
0
0
0
0
0
0
0
1
2
0
1
0
0
0
0
0
0
0
0
4
0
0
0
0
0
0
0
0
0
0
0
2
0
14
3
0
0
0
0
0
0
0
0
7
1
3
8
1
0
0
0
0
0
0
0
5
0
0
16
0
0
0
0
0
0
0
0
1
1
0
8
10
0
0
0
0
0
0
0
7
0
8
1
3
0
0
0
0
0
0
0
0
0
1
0
0
0
0
0
0
0
0
0
5
0
0
9
0
0
0
0
0
0
0
0
0
11
0
0
0
0
0
0
0
0
0
0
0
0
1
0
0
0
0
0
0
0
0
0
0
3
0
0
2
0
0
0
0
0
0
0
0
0
26
12
25
0
0
0
0
0
0
0
2
1
7
12
1
0
0
0
0
0
0
0
0
0
13
