23.00
9.00
7.00
1.00
17.00
1.00
70.00
72.00
9.00
25.00
32.00
35.00
4.00
146.00
1.00
1.00
49.00
21.00
4.00
18.00
424.00
11.00
130.00
57.00
2.00
85.00
5.00
13.00
5.00
5.00
1.00
20.00
5.00
86.00
4.00
6.00
4.00
146.00
63.00
88.00
40.00
53.00
1.00
44.00
571.00
39.00
3.00
53.00
45.00
1.00
189.00
17.00
9.00
19.00
13.00
10.00
78.00
5.00
8.00
102.00
158.00
1.00
46.00
90.00
476.00
3.00
3.00
23.00
15.00
1.00
11.00
72.00
14.00
11.00
54.00
13.00
118.00
29.00
2.00
2.00
1.00
1.00
2.00
23.00
29.00
25.00
7.00
3.00
246.00
127.00
590.00
44.00
1.00
45.00
46.00
19.00
52.00
15.00
13.00
10.00
2.00
23.00
15.00
5.00
12.00
3.00
123.00
120.00
42.00
22.00
22.00
23.00
100.00
59.00
189.00
56.00
207.00
37.00
2.00
4.00
1.00
107.00
26.00
50.00
53.00
43.00
8.00
22.00
2.00
42.00
96.00
8.00
7.00
1.00
4.00
129.00
143.00
14.00
449.00
55.00
137.00
2.00
1.00
18.00
1.00
2.00
139.00
38.00
32.00
36.00
1.00
9.00
42.00
17.00
51.00
73.00
5.00
60.00
3.00
178.00
409.00
91.00
195.00
19.00
1.00
42.00
25.00
1.00
50.00
1.00
14.00
109.00
69.00
5.00
36.00
15.00
86.00
6.00
18.00
44.00
22.00
68.00
167.00
336.00
107.00
81.00
1.00
73.00
61.00
27.00
2.00
38.00
1.00
17.00
29.00
50.00
11.00
39.00
25.00
1.00
1.00
1.00
1.00
1.00
10.00
2.00
12.00
30.00
94.00
49.00
7.00
16.00
46.00
6.00
12.00
8.00
33.00
31.00
15.00
2.00
25.00
4.00
2.00
26.00
18.00
132.00
51.00
28.00
36.00
183.00
1.00
126.00
1.00
29.00
33.00
2.00
2.00
1.00
46.00
3.00
1.00
21.00
25.00
3.00
9.00
44.00
3.00
39.00
29.00
14.00
18.00
73.00
20.00
9.00
1.00
1.00
1.00
43.00
6.00
25.00
2.00
34.00
38.00
11.00
12.00
75.00
27.00
59.00
1.00
91.00
43.00
1.00
54.00
27.00
5.00
3.00
16.00
338.00
83.00
13.00
9.00
115.00
37.00
1.00
18.00
133.00
13.00
21.00
91.00
1.00
77.00
40.00
83.00
2.00
35.00
96.00
23.00
421.00
4.00
1.00
12.00
1.00
62.00
1.00
20.00
5.00
82.00
49.00
27.00
16.00
9.00
3.00
5.00
5.00
47.00
24.00
55.00
39.00
4.00
40.00
9.00
2.00
1.00
1.00
8.00
3.00
4.00
25.00
10.00
54.00
54.00
50.00
15.00
20.00
1.00
1.00
1.00
22.00
27.00
57.00
551.00
3.00
29.00
67.00
23.00
38.00
4.00
10.00
12.00
4.00
18.00
75.00
25.00
2.00
2.00
41.00
10.00
13.00
6.00
14.00
71.00
86.00
12.00
10.00
61.00
7.00
1.00
61.00
57.00
256.00
1.00
103.00
17.00
1.00
37.00
40.00
99.00
20.00
1.00
45.00
1.00
38.00
29.00
10.00
38.00
12.00
37.00
7.00
5.00
1.00
1.00
110.00
25.00
26.00
6.00
29.00
3.00
6.00
6.00
9.00
31.00
1.00
19.00
16.00
10.00
2.00
31.00
2.00
161.00
1.00
50.00
100.00
21.00
1.00
179.00
216.00
11.00
38.00
23.00
9.00
32.00
1.00
1.00
2.00
1.00
17.00
5.00
9.00
1.00
22.00
16.00
21.00
4.00
2.00
4.00
39.00
1.00
20.00
22.00
8.00
45.00
1.00
1.00
4.00
2.00
6.00
16.00
20.00
1.00
3.00
9.00
1.00
18.00
19.00
15.00
17.00
10.00
11.00
2.00
1.00
45.00
177.00
16.00
10.00
143.00
1.00
298.00
46.00
124.00
16.00
51.00
10.00
4.00
14.00
10.00
7.00
4.00
17.00
18.00
1.00
1.00
49.00
8.00
7.00
1.00
11.00
15.00
39.00
8.00
5.00
2.00
6.00
25.00
9.00
15.00
43.00
30.00
54.00
138.00
11.00
81.00
31.00
1.00
627.00
1.00
65.00
10.00
10.00
66.00
45.00
16.00
9.00
42.00
40.00
41.00
13.00
9.00
3.00
15.00
79.00
33.00
46.00
53.00
19.00
25.00
43.00
36.00
106.00
1.00
137.00
16.00
267.00
1.00
8.00
13.00
1.00
52.00
71.00
2.00
18.00
3.00
1.00
31.00
21.00
1.00
55.00
34.00
48.00
15.00
134.00
171.00
44.00
9.00
91.00
539.00
7.00
8.00
49.00
16.00
91.00
45.00
2.00
106.00
46.00
5.00
12.00
1.00
1.00
3.00
3.00
3.00
6.00
14.00
2.00
3.00
1.00
1.00
12.00
9.00
8.00
9.00
5.00
3.00
20.00
72.00
1.00
1.00
4.00
31.00
144.00
77.00
390.00
280.00
1.00
8.00
1.00
34.00
13.00
14.00
1.00
30.00
7.00
3.00
19.00
1.00
10.00
6.00
8.00
63.00
1.00
3.00
9.00
91.00
8.00
6.00
7.00
35.00
27.00
1.00
31.00
54.00
83.00
2.00
37.00
99.00
462.00
1.00
2.00
41.00
61.00
36.00
6.00
10.00
1.00
33.00
2.00
4.00
1.00
19.00
1.00
11.00
3.00
127.00
9.00
71.00
5.00
2.00
3.00
11.00
5.00
17.00
76.00
3.00
6.00
30.00
46.00
28.00
12.00
27.00
69.00
51.00
1.00
559.00
1.00
19.00
10.00
35.00
94.00
19.00
2.00
2.00
1.00
11.00
33.00
87.00
34.00
1.00
32.00
18.00
2.00
1.00
1.00
43.00
11.00
4.00
12.00
3.00
11.00
38.00
8.00
15.00
32.00
55.00
3.00
26.00
2.00
1.00
1.00
98.00
2.00
315.00
115.00
2.00
10.00
80.00
1.00
25.00
3.00
1.00
1.00
27.00
29.00
25.00
50.00
43.00
37.00
50.00
12.00
51.00
3.00
10.00
29.00
3.00
25.00
7.00
7.00
18.00
22.00
14.00
1.00
5.00
10.00
104.00
1.00
17.00
61.00
64.00
9.00
6.00
19.00
1.00
2.00
1.00
99.00
176.00
19.00
2.00
155.00
48.00
1.00
139.00
2.00
70.00
47.00
23.00
3.00
8.00
5.00
17.00
1.00
25.00
1.00
53.00
9.00
87.00
143.00
194.00
570.00
3.00
8.00
29.00
69.00
28.00
4.00
1.00
4.00
2.00
15.00
97.00
11.00
72.00
22.00
52.00
14.00
5.00
2.00
5.00
2.00
6.00
70.00
1.00
149.00
6.00
2.00
35.00
651.00
114.00
3.00
1.00
11.00
3.00
88.00
147.00
85.00
25.00
2.00
10.00
4.00
68.00
2.00
4.00
34.00
32.00
117.00
5.00
53.00
264.00
2.00
12.00
2.00
3.00
20.00
247.00
14.00
1.00
147.00
7.00
19.00
92.00
13.00
22.00
75.00
8.00
77.00
31.00
10.00
21.00
7.00
34.00
44.00
50.00
5.00
1.00
31.00
13.00
290.00
3.00
1.00
204.00
1.00
149.00
1.00
8.00
2.00
2.00
4.00
1.00
1.00
1.00
106.00
20.00
1.00
38.00
7.00
50.00
8.00
1.00
70.00
3.00
87.00
37.00
73.00
26.00
2.00
19.00
1.00
4.00
239.00
40.00
17.00
236.00
89.00
176.00
82.00
1.00
5.00
88.00
1.00
33.00
23.00
23.00
3.00
12.00
39.00
1.00
3.00
1.00
10.00
54.00
11.00
128.00
1.00
41.00
41.00
26.00
1.00
33.00
18.00
30.00
33.00
54.00
16.00
2.00
2.00
7.00
30.00
2.00
3.00
3.00
103.00
378.00
22.00
2.00
1.00
1.00
5.00
3.00
23.00
17.00
6.00
3.00
3.00
6.00
48.00
12.00
3.00
34.00
24.00
24.00
9.00
4.00
1.00
7.00
1.00
4.00
14.00
3.00
4.00
1.00
4.00
20.00
3.00
2.00
5.00
23.00
15.00
35.00
195.00
8.00
1.00
30.00
1.00
27.00
1.00
25.00
1.00
24.00
81.00
1.00
2.00
13.00
343.00
148.00
61.00
1.00
2.00
11.00
3.00
117.00
38.00
11.00
3.00
17.00
1.00
2.00
