13
0
0
2
1
4
0
0
0
11
9
3
8
5
15
3
0
0
0
0
2
5
1
3
0
3
4
1
0
0
0
0
6
18
4
3
22
14
7
0
3
0
0
0
0
27
0
2
12
0
8
0
0
0
0
16
0
1
1
4
4
12
0
8
3
0
0
0
0
12
3
9
6
7
3
36
3
0
0
0
0
14
5
4
10
5
5
0
0
0
0
0
0
0
1
16
4
4
6
7
0
1
0
0
7
0
11
4
0
1
5
0
0
0
0
0
2
0
6
6
10
4
0
2
2
0
0
0
0
0
0
7
22
1
11
7
6
0
0
0
1
15
0
1
2
11
2
1
0
0
0
0
0
2
16
8
24
19
0
0
0
0
2
0
0
23
15
10
10
14
21
1
0
0
0
0
3
20
3
5
7
9
0
0
0
0
0
1
8
0
9
5
1
11
7
9
1
0
2
0
0
24
11
20
0
4
2
4
0
0
0
0
6
7
6
17
22
0
2
0
0
0
0
0
0
15
6
3
2
7
8
0
3
0
0
0
0
3
5
1
2
7
9
12
3
2
0
0
0
13
35
12
7
7
2
1
1
0
0
0
0
16
5
9
0
2
8
0
2
0
0
0
16
0
16
14
2
0
6
0
0
1
0
0
4
15
9
5
4
8
4
6
1
0
1
0
0
20
16
7
1
4
1
3
4
0
0
0
0
7
23
0
13
21
7
0
0
1
0
0
11
9
9
18
3
12
1
0
0
0
0
5
0
21
6
13
16
1
0
1
0
0
0
0
2
4
8
5
7
6
2
0
0
0
2
0
6
9
4
8
