1204.00
394.00
125.00
821.00
532.00
1394.00
1.00
1084.00
1537.00
55.00
116.00
8.00
1425.00
37.00
262.00
912.00
1.00
34.00
68.00
197.00
4112.00
164.00
122.00
1311.00
1.00
160.00
10.00
1.00
1234.00
1346.00
23.00
74.00
83.00
246.00
1.00
10.00
956.00
2.00
182.00
34.00
228.00
917.00
49.00
48.00
141.00
1.00
182.00
976.00
219.00
178.00
1.00
1180.00
45.00
84.00
48.00
1149.00
192.00
156.00
77.00
4.00
33.00
1094.00
440.00
1158.00
1444.00
105.00
2807.00
38.00
106.00
3.00
1140.00
155.00
65.00
25.00
117.00
130.00
1014.00
80.00
51.00
17.00
67.00
34.00
323.00
943.00
18.00
316.00
8.00
1172.00
111.00
32.00
3.00
1580.00
1441.00
4.00
121.00
894.00
