16.00
19.00
1562.00
1.00
1.00
15.00
100.00
1354.00
1378.00
1.00
6.00
1.00
1.00
2.00
42.00
29.00
85.00
918.00
193.00
425.00
974.00
117.00
8.00
3.00
32.00
144.00
11.00
1229.00
35.00
19.00
240.00
130.00
782.00
35.00
265.00
203.00
3.00
1.00
1176.00
146.00
69.00
122.00
1021.00
1360.00
166.00
120.00
92.00
1217.00
100.00
9.00
1.00
47.00
9.00
233.00
67.00
1136.00
143.00
8.00
998.00
157.00
143.00
15.00
74.00
6.00
115.00
841.00
96.00
96.00
165.00
16.00
2.00
1.00
1.00
21.00
43.00
103.00
4.00
807.00
99.00
141.00
120.00
58.00
22.00
1172.00
178.00
146.00
220.00
807.00
131.00
48.00
360.00
788.00
193.00
156.00
13.00
2.00
40.00
16.00
3.00
24.00
2.00
1531.00
62.00
1312.00
106.00
150.00
140.00
865.00
3.00
64.00
1.00
108.00
2737.00
106.00
1.00
328.00
1058.00
116.00
111.00
15.00
124.00
887.00
133.00
17.00
67.00
34.00
121.00
201.00
944.00
18.00
286.00
24.00
5.00
6.00
2.00
7.00
164.00
986.00
110.00
30.00
204.00
2.00
1367.00
1440.00
1.00
119.00
