1.00
1.00
2.00
1.00
3.00
1.00
7.00
1.00
1.00
1.00
3.00
3.00
3.00
1.00
1.00
2.00
1.00
1.00
1.00
6.00
5.00
1.00
2.00
2.00
5.00
1.00
1.00
2.00
1.00
6.00
1.00
1.00
2.00
2.00
1.00
6.00
7.00
1.00
1.00
1.00
1.00
2.00
6.00
3.00
1.00
2.00
3.00
2.00
2.00
2.00
1.00
17.00
1.00
2.00
11.00
8.00
4.00
1.00
1.00
1.00
3.00
1.00
7.00
7.00
1.00
4.00
1.00
2.00
1.00
10.00
3.00
1.00
1.00
2.00
6.00
1.00
6.00
7.00
1.00
3.00
2.00
5.00
2.00
1.00
1.00
2.00
1.00
4.00
2.00
3.00
5.00
5.00
1.00
3.00
6.00
1.00
1.00
8.00
2.00
1.00
1.00
4.00
1.00
2.00
4.00
7.00
3.00
1.00
1.00
4.00
4.00
6.00
3.00
1.00
2.00
5.00
8.00
1.00
1.00
2.00
1.00
1.00
4.00
5.00
1.00
3.00
11.00
1.00
1.00
1.00
1.00
1.00
1.00
4.00
13.00
9.00
6.00
1.00
5.00
8.00
17.00
2.00
1.00
2.00
2.00
5.00
1.00
9.00
1.00
1.00
9.00
3.00
