9
8
9
0
2
0
0
0
0
1
5
22
12
0
0
8
0
0
0
0
0
2
5
1
9
14
2
0
0
0
0
0
0
1
5
7
31
0
0
0
0
0
0
0
0
0
16
18
1
1
11
0
0
0
0
0
0
4
0
5
20
0
0
0
0
0
0
0
0
1
7
4
6
13
0
0
0
0
0
0
0
10
6
3
6
8
1
0
0
0
0
0
0
3
6
34
4
7
8
8
0
0
0
0
1
3
7
2
22
17
6
3
0
2
0
0
1
5
0
1
9
0
0
0
1
0
0
0
0
0
8
0
62
18
1
1
0
0
0
0
0
0
30
15
32
0
14
4
0
0
0
0
0
9
16
4
31
21
12
0
1
0
0
0
0
24
26
10
55
36
7
0
0
0
0
0
0
10
6
3
46
3
3
0
0
0
0
0
0
4
9
6
26
0
1
0
0
0
0
0
0
7
6
6
0
4
6
2
0
0
0
0
3
5
0
42
46
9
0
0
0
0
0
0
0
25
19
12
27
16
0
3
1
0
0
0
0
8
4
0
29
7
1
0
3
0
0
0
0
2
4
8
32
46
0
1
0
0
0
0
0
15
8
21
18
18
8
0
0
0
0
0
0
3
0
23
8
2
0
0
0
0
0
0
0
20
5
7
36
2
1
0
0
0
0
0
0
0
13
4
4
6
0
1
0
0
0
0
0
0
0
12
13
5
8
0
0
0
0
0
0
0
14
1
13
29
0
1
5
0
0
0
0
0
1
37
23
29
3
3
3
0
0
0
0
4
7
31
64
11
1
4
5
0
0
0
0
0
0
23
