32
18
25
3
43
8
0
5
30
10
21
43
21
5
14
23
4
1
15
2
0
28
12
15
20
22
12
20
7
0
5
3
14
31
40
21
50
0
2
1
11
0
0
2
1
10
37
61
8
1
26
6
0
0
8
3
20
24
16
24
35
15
8
4
0
1
2
0
12
16
26
20
11
19
3
4
11
0
8
3
10
37
11
16
14
18
14
7
4
1
3
12
2
33
24
52
14
30
40
26
6
9
1
6
32
26
32
24
38
32
16
24
23
53
1
0
22
39
16
9
26
12
4
10
18
2
1
6
39
8
43
16
73
28
13
15
20
0
0
3
12
17
55
23
51
4
43
19
9
1
11
8
11
26
27
16
42
43
17
13
18
19
7
0
21
53
50
34
71
59
16
17
7
4
2
1
5
36
49
29
67
11
17
10
8
1
8
1
8
21
34
29
44
17
23
6
6
2
5
1
38
29
36
34
0
6
22
21
3
5
3
2
31
18
12
62
69
38
6
5
40
4
3
0
2
59
56
36
38
33
16
31
32
0
2
3
15
28
42
15
42
18
30
26
9
3
0
3
10
29
55
18
54
72
20
26
15
1
2
5
21
42
26
27
34
49
24
18
54
7
9
11
21
12
13
52
19
16
16
7
3
2
8
3
54
33
21
33
63
12
9
13
21
5
0
1
18
30
31
7
15
30
15
15
0
0
11
12
20
6
22
22
32
30
31
3
0
24
5
6
53
19
44
9
23
53
4
21
18
2
0
5
5
16
38
49
35
35
18
14
41
6
3
0
11
61
65
63
75
16
13
19
39
9
1
3
2
32
6
50
