13.00
9.00
238.00
744.00
10.00
162.00
4.00
20.00
72.00
18.00
13.00
21.00
123.00
1.00
10.00
9.00
21.00
62.00
1.00
15.00
22.00
67.00
10.00
11.00
1.00
60.00
721.00
176.00
75.00
196.00
54.00
13.00
7.00
2.00
94.00
41.00
65.00
34.00
30.00
95.00
142.00
130.00
1.00
241.00
2.00
68.00
8.00
91.00
27.00
52.00
11.00
53.00
101.00
35.00
17.00
12.00
6.00
20.00
1.00
1.00
76.00
16.00
18.00
30.00
19.00
91.00
95.00
516.00
54.00
1.00
29.00
1.00
4.00
10.00
166.00
20.00
1.00
72.00
60.00
2.00
207.00
1.00
62.00
146.00
412.00
229.00
34.00
75.00
54.00
30.00
77.00
6.00
2.00
26.00
103.00
1.00
8.00
18.00
2.00
9.00
15.00
1.00
53.00
115.00
42.00
9.00
1.00
2.00
1.00
67.00
270.00
369.00
29.00
1.00
5.00
52.00
28.00
5.00
59.00
4.00
54.00
3.00
25.00
1.00
1.00
1.00
5.00
11.00
12.00
1.00
57.00
76.00
1.00
12.00
49.00
119.00
6.00
18.00
23.00
2.00
1.00
1.00
12.00
2.00
6.00
216.00
397.00
3.00
29.00
3.00
34.00
18.00
44.00
2.00
13.00
74.00
7.00
2.00
81.00
4.00
110.00
87.00
3.00
3.00
151.00
747.00
187.00
1.00
65.00
141.00
2.00
16.00
51.00
4.00
112.00
2.00
46.00
15.00
62.00
175.00
373.00
3.00
75.00
148.00
2.00
1.00
2.00
28.00
31.00
2.00
1.00
35.00
273.00
20.00
151.00
6.00
650.00
20.00
186.00
9.00
143.00
4.00
93.00
1.00
19.00
9.00
66.00
6.00
74.00
50.00
13.00
281.00
647.00
18.00
118.00
48.00
4.00
44.00
3.00
3.00
44.00
7.00
7.00
91.00
27.00
91.00
4.00
36.00
25.00
147.00
1.00
515.00
2.00
14.00
22.00
22.00
9.00
91.00
1.00
67.00
3.00
4.00
202.00
52.00
68.00
10.00
6.00
6.00
302.00
522.00
3.00
125.00
9.00
18.00
12.00
3.00
1.00
1.00
47.00
65.00
1.00
8.00
56.00
53.00
29.00
37.00
33.00
2.00
54.00
18.00
34.00
1.00
1.00
61.00
158.00
255.00
327.00
1.00
18.00
7.00
13.00
11.00
7.00
21.00
10.00
48.00
22.00
13.00
31.00
1.00
127.00
3.00
2.00
8.00
1.00
1.00
21.00
34.00
1.00
2.00
43.00
1.00
35.00
6.00
12.00
2.00
11.00
11.00
5.00
93.00
34.00
304.00
305.00
40.00
2.00
13.00
29.00
3.00
124.00
1.00
50.00
45.00
14.00
1.00
55.00
17.00
44.00
65.00
27.00
648.00
22.00
118.00
6.00
159.00
45.00
5.00
14.00
11.00
142.00
99.00
1.00
1.00
30.00
130.00
1.00
1.00
42.00
26.00
26.00
2.00
3.00
144.00
269.00
1.00
307.00
21.00
1.00
4.00
2.00
8.00
9.00
8.00
1.00
1.00
8.00
9.00
27.00
12.00
13.00
11.00
27.00
3.00
27.00
8.00
76.00
1.00
14.00
86.00
71.00
5.00
43.00
13.00
61.00
2.00
114.00
585.00
2.00
56.00
43.00
84.00
61.00
84.00
13.00
20.00
13.00
8.00
4.00
3.00
20.00
40.00
92.00
87.00
216.00
45.00
514.00
82.00
7.00
1.00
1.00
27.00
39.00
3.00
20.00
112.00
79.00
2.00
116.00
2.00
56.00
7.00
88.00
7.00
1.00
41.00
2.00
195.00
25.00
671.00
1.00
36.00
161.00
47.00
1.00
2.00
9.00
1.00
77.00
7.00
38.00
1.00
1.00
1.00
1.00
33.00
12.00
21.00
18.00
1.00
3.00
56.00
29.00
14.00
20.00
64.00
2.00
79.00
15.00
1.00
487.00
96.00
2.00
2.00
5.00
31.00
14.00
1.00
21.00
1.00
1.00
18.00
23.00
5.00
11.00
12.00
5.00
9.00
15.00
1.00
31.00
85.00
14.00
13.00
1.00
111.00
1.00
27.00
178.00
4.00
39.00
7.00
1.00
18.00
617.00
4.00
1.00
3.00
11.00
102.00
126.00
1.00
226.00
47.00
118.00
516.00
63.00
16.00
4.00
114.00
1.00
136.00
7.00
34.00
2.00
24.00
1.00
68.00
2.00
33.00
1.00
13.00
5.00
8.00
200.00
37.00
6.00
2.00
1.00
1.00
1.00
72.00
69.00
38.00
187.00
324.00
54.00
18.00
2.00
4.00
1.00
48.00
103.00
55.00
3.00
16.00
4.00
26.00
26.00
55.00
63.00
45.00
12.00
11.00
31.00
1.00
1.00
13.00
1.00
54.00
193.00
356.00
29.00
271.00
11.00
7.00
64.00
6.00
18.00
26.00
6.00
5.00
1.00
58.00
3.00
33.00
119.00
47.00
6.00
8.00
132.00
125.00
84.00
68.00
364.00
128.00
88.00
59.00
13.00
17.00
3.00
9.00
2.00
68.00
172.00
23.00
3.00
1.00
3.00
3.00
1.00
15.00
46.00
38.00
42.00
23.00
2.00
149.00
12.00
13.00
103.00
63.00
373.00
30.00
9.00
1.00
3.00
43.00
120.00
2.00
9.00
4.00
3.00
57.00
17.00
1.00
3.00
19.00
55.00
3.00
103.00
1.00
1.00
1.00
13.00
2.00
234.00
4.00
47.00
341.00
15.00
1.00
248.00
20.00
2.00
36.00
1.00
1.00
7.00
3.00
1.00
1.00
2.00
28.00
1.00
64.00
3.00
34.00
1.00
5.00
3.00
20.00
1.00
11.00
42.00
1.00
21.00
71.00
1.00
1.00
3.00
6.00
122.00
118.00
724.00
23.00
51.00
1.00
65.00
11.00
8.00
40.00
19.00
28.00
55.00
77.00
68.00
64.00
8.00
43.00
41.00
11.00
68.00
680.00
5.00
2.00
48.00
1.00
18.00
1.00
70.00
12.00
17.00
2.00
47.00
11.00
37.00
56.00
6.00
15.00
2.00
23.00
