0
0
0
0
0
0
0
0
0
0
0
0
8
1
0
0
0
0
0
2
0
0
0
0
3
0
0
0
0
0
0
0
0
2
0
6
5
0
0
0
0
0
0
0
0
0
2
0
0
0
0
0
0
0
0
0
0
0
2
0
0
0
0
0
0
0
0
0
0
0
4
0
0
0
0
0
0
0
0
0
5
1
0
3
3
0
0
0
0
0
0
0
0
2
0
0
0
0
0
0
0
0
0
0
0
7
0
0
0
0
0
0
0
0
0
0
0
0
5
2
1
0
0
0
0
0
0
0
0
0
4
12
0
0
4
0
0
0
0
0
0
0
0
2
1
0
0
0
0
0
0
0
0
5
0
5
13
2
0
0
0
0
0
0
3
0
6
10
8
0
0
0
0
0
0
0
6
4
2
5
0
0
0
0
0
0
0
2
2
4
0
0
0
1
0
0
0
0
0
0
4
2
3
0
0
1
0
0
0
0
0
1
0
4
10
7
0
0
0
0
0
0
0
0
0
0
0
2
1
0
0
0
0
0
0
0
0
4
0
0
0
0
2
0
0
0
0
0
0
4
5
0
0
0
0
0
0
0
0
0
2
0
0
0
0
0
0
0
0
0
0
0
0
4
9
0
0
0
1
0
0
0
0
2
2
4
2
2
3
3
0
0
0
0
0
0
0
9
1
0
0
1
0
0
0
0
0
1
2
6
0
13
1
0
0
0
0
0
0
0
4
9
7
0
0
0
0
0
0
0
0
0
0
1
0
2
0
0
0
0
0
0
0
0
0
2
0
3
4
0
0
0
0
0
0
1
1
0
0
