16
0
2
0
0
0
0
0
3
5
7
5
10
12
24
6
0
0
0
0
3
0
6
5
1
10
5
4
1
1
2
0
3
16
7
5
30
23
13
2
1
0
0
0
3
22
0
9
9
0
10
0
1
0
0
15
0
5
12
10
5
22
1
12
1
0
1
0
0
10
10
18
21
14
7
43
12
0
1
0
0
22
8
5
17
7
7
1
0
0
0
0
0
1
2
16
5
7
11
5
0
1
0
0
14
0
28
5
0
2
7
0
0
0
0
0
3
0
7
11
13
11
3
0
5
0
0
0
0
0
3
11
31
4
16
10
5
0
0
0
2
17
7
4
2
16
3
0
1
0
0
0
2
5
19
13
29
27
11
1
1
0
3
0
0
26
19
14
22
25
35
2
0
0
1
0
6
27
7
14
13
9
0
0
0
0
0
3
12
5
15
14
5
13
22
11
3
0
3
0
0
32
21
24
5
5
7
2
0
0
0
0
9
6
11
22
33
2
2
0
2
0
0
0
1
16
5
4
4
15
9
0
2
0
0
0
0
0
12
2
12
13
16
19
3
4
0
0
0
8
37
34
8
7
5
0
9
0
0
0
0
14
3
7
0
1
9
4
0
0
0
1
7
4
23
19
10
0
14
5
2
1
0
0
15
17
11
13
5
22
6
6
1
0
2
1
0
12
28
11
1
6
4
1
8
0
0
2
3
8
30
1
15
30
17
0
4
3
0
0
5
20
20
27
15
20
0
10
1
0
0
7
0
22
7
21
21
1
1
1
0
0
0
0
1
7
15
2
9
10
4
0
0
0
0
0
5
18
13
10
