4.00
3.00
23.00
2.00
1.00
2.00
1.00
1.00
2.00
5.00
3.00
1.00
3.00
5.00
1.00
12.00
14.00
2.00
5.00
2.00
2.00
4.00
9.00
2.00
6.00
5.00
3.00
1.00
11.00
3.00
11.00
2.00
1.00
3.00
11.00
8.00
3.00
4.00
15.00
10.00
13.00
3.00
3.00
1.00
2.00
5.00
21.00
3.00
3.00
1.00
1.00
2.00
5.00
16.00
1.00
6.00
5.00
1.00
1.00
4.00
3.00
10.00
7.00
4.00
1.00
3.00
12.00
4.00
3.00
7.00
5.00
2.00
2.00
3.00
1.00
1.00
33.00
21.00
6.00
3.00
1.00
6.00
18.00
11.00
3.00
2.00
2.00
1.00
8.00
2.00
2.00
1.00
4.00
1.00
1.00
3.00
4.00
7.00
1.00
1.00
5.00
3.00
5.00
9.00
7.00
5.00
1.00
1.00
1.00
1.00
3.00
2.00
1.00
3.00
7.00
1.00
10.00
3.00
4.00
1.00
11.00
1.00
3.00
3.00
11.00
1.00
9.00
2.00
3.00
1.00
4.00
1.00
1.00
4.00
2.00
3.00
10.00
7.00
2.00
1.00
1.00
13.00
2.00
1.00
4.00
1.00
3.00
2.00
1.00
1.00
2.00
3.00
8.00
7.00
5.00
1.00
1.00
3.00
3.00
1.00
7.00
4.00
7.00
2.00
12.00
3.00
1.00
2.00
1.00
9.00
1.00
1.00
2.00
2.00
3.00
1.00
1.00
3.00
10.00
4.00
3.00
2.00
1.00
3.00
1.00
7.00
5.00
12.00
4.00
6.00
1.00
3.00
2.00
3.00
1.00
1.00
1.00
4.00
1.00
2.00
1.00
4.00
2.00
3.00
1.00
2.00
8.00
2.00
1.00
2.00
3.00
1.00
3.00
1.00
3.00
1.00
2.00
2.00
8.00
2.00
36.00
1.00
1.00
2.00
4.00
1.00
1.00
1.00
1.00
1.00
1.00
3.00
4.00
2.00
1.00
33.00
7.00
5.00
6.00
2.00
1.00
9.00
2.00
3.00
2.00
8.00
6.00
4.00
3.00
8.00
1.00
2.00
7.00
2.00
3.00
1.00
2.00
8.00
1.00
4.00
9.00
1.00
1.00
12.00
3.00
7.00
5.00
12.00
3.00
2.00
1.00
1.00
3.00
1.00
3.00
5.00
1.00
4.00
3.00
15.00
8.00
3.00
3.00
1.00
3.00
1.00
1.00
1.00
3.00
6.00
2.00
4.00
3.00
7.00
2.00
1.00
1.00
2.00
1.00
14.00
1.00
2.00
5.00
3.00
3.00
2.00
3.00
7.00
1.00
1.00
2.00
1.00
1.00
2.00
2.00
15.00
2.00
3.00
1.00
1.00
2.00
6.00
2.00
2.00
6.00
9.00
8.00
17.00
2.00
5.00
1.00
2.00
1.00
3.00
1.00
3.00
5.00
4.00
1.00
1.00
1.00
1.00
4.00
2.00
3.00
2.00
3.00
2.00
5.00
4.00
9.00
5.00
1.00
16.00
2.00
5.00
2.00
4.00
1.00
1.00
8.00
2.00
1.00
5.00
1.00
1.00
16.00
1.00
3.00
4.00
2.00
5.00
5.00
4.00
3.00
2.00
1.00
2.00
3.00
11.00
3.00
5.00
3.00
2.00
2.00
1.00
3.00
1.00
19.00
7.00
1.00
4.00
1.00
2.00
1.00
1.00
1.00
5.00
1.00
1.00
3.00
12.00
1.00
4.00
6.00
3.00
3.00
1.00
1.00
7.00
2.00
2.00
7.00
16.00
8.00
3.00
2.00
5.00
3.00
1.00
3.00
1.00
1.00
1.00
4.00
1.00
6.00
4.00
1.00
2.00
13.00
4.00
2.00
14.00
1.00
1.00
1.00
2.00
5.00
9.00
1.00
1.00
5.00
7.00
1.00
13.00
2.00
4.00
1.00
5.00
14.00
3.00
2.00
4.00
4.00
1.00
1.00
2.00
1.00
6.00
9.00
11.00
3.00
1.00
7.00
2.00
2.00
10.00
2.00
6.00
4.00
22.00
1.00
2.00
1.00
4.00
4.00
2.00
3.00
6.00
11.00
12.00
1.00
3.00
1.00
2.00
3.00
8.00
6.00
2.00
3.00
1.00
1.00
8.00
2.00
6.00
4.00
4.00
19.00
1.00
4.00
13.00
1.00
10.00
13.00
1.00
8.00
4.00
4.00
1.00
2.00
5.00
1.00
2.00
2.00
4.00
1.00
3.00
10.00
4.00
2.00
4.00
2.00
4.00
2.00
6.00
6.00
1.00
13.00
1.00
8.00
11.00
2.00
2.00
1.00
6.00
2.00
11.00
7.00
4.00
2.00
2.00
3.00
1.00
4.00
1.00
2.00
1.00
30.00
1.00
1.00
8.00
1.00
6.00
9.00
3.00
9.00
16.00
2.00
2.00
1.00
1.00
2.00
1.00
1.00
6.00
3.00
8.00
4.00
1.00
1.00
10.00
1.00
12.00
1.00
3.00
6.00
6.00
1.00
2.00
4.00
6.00
5.00
1.00
1.00
1.00
1.00
3.00
2.00
9.00
2.00
1.00
1.00
8.00
1.00
15.00
1.00
6.00
4.00
1.00
24.00
1.00
5.00
1.00
8.00
3.00
3.00
1.00
3.00
2.00
1.00
2.00
5.00
5.00
2.00
2.00
2.00
3.00
2.00
2.00
2.00
5.00
2.00
4.00
2.00
5.00
1.00
6.00
14.00
4.00
1.00
4.00
1.00
1.00
4.00
10.00
7.00
8.00
1.00
1.00
5.00
3.00
1.00
2.00
3.00
5.00
6.00
4.00
4.00
3.00
