25.00
24.00
24.00
2.00
9.00
5.00
9.00
6.00
24.00
10.00
2.00
31.00
17.00
13.00
13.00
4.00
25.00
9.00
1.00
13.00
18.00
13.00
222.00
1.00
197.00
167.00
43.00
8.00
6.00
71.00
123.00
2.00
18.00
24.00
5.00
20.00
2.00
10.00
11.00
28.00
9.00
5.00
4.00
13.00
31.00
16.00
44.00
1.00
5.00
48.00
7.00
26.00
60.00
1.00
43.00
74.00
39.00
317.00
148.00
2.00
4.00
1.00
61.00
1.00
15.00
1.00
8.00
1.00
1.00
1.00
21.00
5.00
19.00
34.00
1.00
9.00
41.00
57.00
8.00
58.00
44.00
1.00
6.00
30.00
27.00
12.00
1.00
16.00
4.00
1.00
3.00
21.00
47.00
12.00
6.00
17.00
3.00
11.00
1.00
19.00
30.00
125.00
357.00
49.00
3.00
2.00
33.00
113.00
6.00
12.00
6.00
60.00
6.00
2.00
63.00
3.00
57.00
29.00
1.00
2.00
4.00
1.00
12.00
2.00
1.00
9.00
23.00
1.00
14.00
28.00
2.00
2.00
46.00
3.00
19.00
12.00
33.00
9.00
1.00
1.00
8.00
171.00
81.00
1.00
293.00
3.00
2.00
54.00
21.00
52.00
1.00
90.00
3.00
20.00
9.00
18.00
10.00
20.00
32.00
3.00
5.00
5.00
8.00
4.00
5.00
74.00
4.00
2.00
1.00
5.00
2.00
1.00
2.00
1.00
28.00
11.00
9.00
10.00
9.00
1.00
13.00
25.00
18.00
35.00
2.00
15.00
112.00
7.00
2.00
54.00
1.00
17.00
105.00
341.00
9.00
30.00
13.00
3.00
16.00
51.00
110.00
18.00
7.00
10.00
67.00
28.00
52.00
141.00
1.00
1.00
2.00
2.00
4.00
66.00
1.00
12.00
41.00
35.00
18.00
20.00
2.00
2.00
25.00
142.00
153.00
30.00
275.00
83.00
17.00
1.00
76.00
1.00
1.00
27.00
101.00
24.00
2.00
1.00
11.00
51.00
1.00
13.00
41.00
2.00
8.00
9.00
12.00
30.00
59.00
12.00
74.00
2.00
126.00
151.00
315.00
53.00
2.00
9.00
19.00
2.00
64.00
12.00
24.00
20.00
5.00
20.00
15.00
1.00
5.00
56.00
25.00
11.00
22.00
13.00
1.00
1.00
3.00
15.00
23.00
4.00
4.00
45.00
54.00
18.00
20.00
18.00
1.00
2.00
1.00
33.00
1.00
81.00
95.00
280.00
10.00
131.00
1.00
53.00
1.00
68.00
15.00
2.00
7.00
8.00
3.00
46.00
13.00
25.00
8.00
52.00
1.00
1.00
3.00
1.00
20.00
7.00
24.00
110.00
47.00
1.00
1.00
4.00
11.00
1.00
5.00
7.00
4.00
4.00
18.00
29.00
50.00
18.00
100.00
1.00
144.00
3.00
148.00
214.00
26.00
3.00
13.00
65.00
2.00
2.00
17.00
9.00
5.00
1.00
8.00
28.00
2.00
3.00
3.00
62.00
1.00
7.00
2.00
20.00
33.00
32.00
9.00
1.00
11.00
27.00
23.00
37.00
25.00
10.00
4.00
1.00
6.00
1.00
5.00
2.00
6.00
12.00
5.00
1.00
33.00
556.00
15.00
2.00
9.00
20.00
64.00
11.00
1.00
47.00
1.00
44.00
61.00
3.00
14.00
18.00
56.00
45.00
34.00
16.00
6.00
3.00
3.00
1.00
3.00
2.00
3.00
32.00
2.00
3.00
7.00
59.00
33.00
61.00
13.00
43.00
466.00
5.00
41.00
35.00
63.00
95.00
28.00
63.00
1.00
43.00
1.00
13.00
1.00
19.00
12.00
1.00
5.00
5.00
9.00
1.00
67.00
28.00
43.00
10.00
2.00
3.00
4.00
16.00
29.00
3.00
1.00
11.00
28.00
16.00
12.00
9.00
140.00
243.00
143.00
3.00
41.00
21.00
7.00
1.00
10.00
14.00
3.00
41.00
20.00
35.00
3.00
1.00
37.00
6.00
1.00
25.00
26.00
1.00
1.00
33.00
11.00
55.00
40.00
10.00
38.00
9.00
1.00
1.00
11.00
5.00
3.00
3.00
11.00
24.00
1.00
2.00
20.00
1.00
18.00
24.00
37.00
37.00
10.00
1.00
47.00
8.00
45.00
32.00
65.00
204.00
13.00
69.00
105.00
46.00
2.00
1.00
2.00
1.00
1.00
5.00
31.00
5.00
19.00
78.00
1.00
14.00
1.00
11.00
64.00
3.00
44.00
11.00
1.00
4.00
2.00
1.00
10.00
1.00
32.00
1.00
3.00
39.00
10.00
1.00
3.00
3.00
2.00
13.00
109.00
1.00
11.00
58.00
36.00
9.00
1.00
15.00
33.00
1.00
400.00
2.00
21.00
34.00
2.00
7.00
18.00
1.00
37.00
1.00
54.00
6.00
21.00
33.00
9.00
1.00
16.00
10.00
20.00
12.00
13.00
3.00
3.00
4.00
3.00
35.00
4.00
1.00
16.00
2.00
1.00
2.00
28.00
1.00
16.00
17.00
9.00
39.00
5.00
7.00
1.00
9.00
60.00
3.00
20.00
20.00
31.00
31.00
61.00
1.00
131.00
19.00
3.00
1.00
276.00
72.00
1.00
19.00
22.00
21.00
7.00
18.00
39.00
30.00
1.00
8.00
2.00
7.00
6.00
3.00
14.00
6.00
20.00
31.00
50.00
1.00
1.00
17.00
27.00
36.00
39.00
56.00
2.00
7.00
2.00
3.00
14.00
21.00
3.00
1.00
14.00
18.00
24.00
19.00
5.00
5.00
661.00
16.00
1.00
25.00
3.00
10.00
27.00
37.00
5.00
15.00
1.00
1.00
8.00
19.00
3.00
2.00
21.00
2.00
55.00
52.00
3.00
78.00
20.00
60.00
2.00
19.00
1.00
1.00
87.00
17.00
43.00
1.00
39.00
3.00
3.00
12.00
2.00
14.00
3.00
9.00
1.00
132.00
82.00
3.00
2.00
34.00
63.00
125.00
165.00
21.00
4.00
12.00
2.00
1.00
6.00
1.00
5.00
41.00
64.00
22.00
1.00
21.00
47.00
1.00
18.00
4.00
14.00
2.00
1.00
5.00
18.00
2.00
13.00
3.00
57.00
1.00
73.00
9.00
9.00
1.00
11.00
37.00
10.00
1.00
310.00
241.00
44.00
2.00
2.00
2.00
4.00
142.00
7.00
1.00
18.00
4.00
131.00
2.00
1.00
4.00
33.00
7.00
3.00
33.00
1.00
2.00
60.00
27.00
20.00
31.00
4.00
4.00
1.00
8.00
32.00
13.00
11.00
8.00
5.00
1.00
37.00
247.00
1.00
83.00
113.00
3.00
49.00
48.00
24.00
23.00
11.00
29.00
4.00
24.00
52.00
9.00
8.00
20.00
67.00
3.00
44.00
25.00
7.00
1.00
7.00
4.00
1.00
1.00
9.00
12.00
27.00
33.00
64.00
21.00
4.00
2.00
35.00
2.00
30.00
5.00
7.00
67.00
8.00
9.00
21.00
282.00
67.00
1.00
176.00
81.00
40.00
3.00
5.00
19.00
1.00
2.00
4.00
3.00
28.00
15.00
31.00
13.00
24.00
13.00
25.00
16.00
22.00
4.00
9.00
4.00
1.00
34.00
5.00
1.00
2.00
8.00
5.00
2.00
19.00
20.00
1.00
1.00
2.00
2.00
4.00
4.00
1.00
31.00
18.00
3.00
3.00
16.00
7.00
4.00
14.00
17.00
1.00
36.00
5.00
20.00
19.00
24.00
105.00
23.00
32.00
1.00
154.00
38.00
47.00
45.00
75.00
9.00
1.00
2.00
1.00
1.00
16.00
12.00
8.00
17.00
3.00
10.00
1.00
31.00
1.00
20.00
30.00
48.00
20.00
12.00
3.00
4.00
14.00
1.00
2.00
4.00
2.00
18.00
4.00
2.00
21.00
1.00
22.00
20.00
16.00
2.00
3.00
30.00
2.00
22.00
9.00
2.00
1.00
27.00
105.00
1.00
3.00
5.00
1.00
59.00
1.00
1.00
21.00
90.00
10.00
117.00
1.00
3.00
167.00
135.00
57.00
30.00
31.00
1.00
1.00
9.00
33.00
1.00
14.00
7.00
27.00
1.00
17.00
1.00
1.00
11.00
1.00
3.00
5.00
7.00
10.00
4.00
28.00
10.00
6.00
19.00
2.00
3.00
34.00
20.00
1.00
22.00
1.00
1.00
2.00
22.00
2.00
2.00
13.00
2.00
95.00
185.00
3.00
4.00
3.00
182.00
113.00
11.00
12.00
1.00
45.00
15.00
1.00
4.00
88.00
6.00
22.00
43.00
11.00
19.00
27.00
30.00
70.00
1.00
33.00
10.00
8.00
6.00
11.00
3.00
3.00
2.00
2.00
42.00
5.00
1.00
5.00
14.00
1.00
37.00
4.00
54.00
45.00
1.00
2.00
11.00
19.00
23.00
10.00
27.00
17.00
11.00
320.00
107.00
22.00
1.00
13.00
17.00
19.00
1.00
15.00
31.00
1.00
10.00
15.00
24.00
52.00
5.00
23.00
3.00
16.00
49.00
9.00
3.00
2.00
11.00
36.00
90.00
27.00
26.00
45.00
4.00
21.00
4.00
17.00
41.00
1.00
12.00
18.00
15.00
26.00
117.00
204.00
2.00
21.00
3.00
273.00
60.00
9.00
12.00
8.00
6.00
28.00
11.00
6.00
7.00
107.00
49.00
2.00
2.00
54.00
16.00
8.00
26.00
9.00
4.00
3.00
8.00
5.00
20.00
12.00
1.00
5.00
2.00
8.00
3.00
12.00
15.00
1.00
22.00
7.00
13.00
23.00
46.00
10.00
95.00
3.00
9.00
3.00
196.00
67.00
1.00
22.00
94.00
51.00
1.00
6.00
5.00
1.00
3.00
6.00
7.00
34.00
8.00
5.00
1.00
1.00
1.00
19.00
10.00
2.00
15.00
1.00
3.00
3.00
19.00
12.00
3.00
10.00
4.00
51.00
5.00
1.00
2.00
1.00
1.00
7.00
1.00
9.00
9.00
7.00
4.00
8.00
1.00
4.00
9.00
6.00
12.00
8.00
1.00
9.00
11.00
3.00
13.00
6.00
2.00
2.00
13.00
74.00
6.00
5.00
25.00
46.00
22.00
39.00
13.00
2.00
29.00
3.00
312.00
11.00
41.00
3.00
69.00
88.00
28.00
4.00
1.00
21.00
3.00
58.00
23.00
25.00
2.00
6.00
12.00
1.00
1.00
2.00
10.00
12.00
3.00
11.00
1.00
14.00
18.00
3.00
1.00
2.00
70.00
7.00
2.00
1.00
39.00
16.00
13.00
3.00
10.00
2.00
19.00
95.00
12.00
32.00
30.00
2.00
47.00
6.00
105.00
14.00
2.00
5.00
280.00
5.00
1.00
73.00
67.00
9.00
1.00
1.00
43.00
34.00
9.00
59.00
7.00
24.00
1.00
77.00
22.00
1.00
3.00
24.00
2.00
61.00
1.00
2.00
2.00
16.00
1.00
6.00
17.00
3.00
1.00
46.00
6.00
3.00
2.00
29.00
19.00
1.00
80.00
4.00
99.00
15.00
12.00
2.00
125.00
35.00
101.00
131.00
58.00
4.00
2.00
1.00
4.00
1.00
3.00
2.00
2.00
1.00
4.00
52.00
12.00
1.00
44.00
2.00
80.00
60.00
12.00
5.00
4.00
1.00
4.00
1.00
28.00
6.00
8.00
11.00
24.00
8.00
2.00
19.00
3.00
17.00
17.00
8.00
21.00
1.00
3.00
79.00
11.00
5.00
17.00
281.00
45.00
297.00
2.00
5.00
3.00
2.00
2.00
78.00
9.00
6.00
16.00
1.00
45.00
2.00
6.00
10.00
2.00
1.00
5.00
5.00
2.00
1.00
19.00
8.00
9.00
5.00
1.00
4.00
