3.00
8.00
6.00
2.00
7.00
1.00
5.00
7.00
2.00
4.00
4.00
4.00
11.00
1.00
11.00
2.00
1.00
3.00
4.00
1.00
1.00
1.00
3.00
1.00
3.00
1.00
3.00
1.00
2.00
3.00
5.00
3.00
3.00
3.00
3.00
13.00
2.00
14.00
4.00
12.00
10.00
9.00
6.00
1.00
4.00
9.00
16.00
26.00
13.00
20.00
1.00
1.00
2.00
1.00
1.00
1.00
3.00
3.00
7.00
7.00
2.00
1.00
7.00
6.00
4.00
5.00
2.00
1.00
4.00
1.00
1.00
13.00
4.00
3.00
1.00
4.00
3.00
6.00
12.00
6.00
3.00
1.00
18.00
7.00
2.00
8.00
11.00
35.00
17.00
5.00
2.00
6.00
8.00
13.00
11.00
1.00
3.00
8.00
5.00
2.00
1.00
3.00
8.00
4.00
2.00
3.00
1.00
3.00
2.00
2.00
1.00
7.00
5.00
1.00
7.00
5.00
3.00
1.00
3.00
3.00
1.00
7.00
22.00
20.00
1.00
15.00
5.00
12.00
3.00
3.00
10.00
1.00
1.00
2.00
3.00
8.00
4.00
7.00
13.00
2.00
1.00
11.00
8.00
3.00
1.00
14.00
2.00
2.00
2.00
2.00
3.00
5.00
3.00
1.00
1.00
5.00
1.00
2.00
24.00
5.00
1.00
4.00
3.00
2.00
2.00
7.00
10.00
7.00
1.00
1.00
1.00
4.00
3.00
1.00
6.00
6.00
7.00
10.00
15.00
1.00
6.00
5.00
10.00
3.00
1.00
3.00
9.00
1.00
15.00
2.00
2.00
6.00
1.00
6.00
7.00
10.00
2.00
1.00
1.00
3.00
1.00
6.00
13.00
4.00
3.00
3.00
1.00
2.00
1.00
5.00
16.00
1.00
2.00
7.00
33.00
2.00
1.00
1.00
3.00
2.00
3.00
6.00
1.00
3.00
4.00
4.00
7.00
32.00
7.00
5.00
2.00
1.00
2.00
3.00
9.00
6.00
2.00
31.00
4.00
13.00
2.00
15.00
1.00
3.00
2.00
1.00
3.00
11.00
1.00
2.00
1.00
2.00
7.00
1.00
5.00
1.00
1.00
3.00
1.00
1.00
1.00
3.00
1.00
1.00
2.00
1.00
1.00
1.00
1.00
1.00
2.00
5.00
9.00
7.00
9.00
5.00
2.00
3.00
1.00
5.00
11.00
2.00
11.00
9.00
14.00
1.00
8.00
13.00
7.00
1.00
3.00
1.00
3.00
21.00
17.00
15.00
5.00
2.00
7.00
1.00
3.00
1.00
3.00
1.00
2.00
5.00
3.00
2.00
1.00
1.00
6.00
7.00
13.00
1.00
2.00
3.00
3.00
12.00
1.00
13.00
3.00
16.00
5.00
1.00
5.00
3.00
1.00
3.00
1.00
1.00
2.00
3.00
1.00
7.00
5.00
2.00
41.00
2.00
6.00
19.00
6.00
1.00
13.00
13.00
7.00
5.00
12.00
15.00
1.00
1.00
2.00
1.00
5.00
3.00
1.00
7.00
2.00
3.00
6.00
3.00
11.00
2.00
4.00
24.00
2.00
2.00
11.00
5.00
14.00
5.00
3.00
6.00
3.00
1.00
1.00
12.00
2.00
5.00
9.00
1.00
18.00
1.00
3.00
1.00
3.00
1.00
19.00
5.00
13.00
4.00
1.00
5.00
1.00
1.00
3.00
5.00
4.00
1.00
11.00
4.00
9.00
7.00
6.00
5.00
5.00
1.00
2.00
2.00
1.00
1.00
1.00
2.00
4.00
8.00
1.00
1.00
1.00
2.00
7.00
1.00
3.00
1.00
6.00
3.00
10.00
8.00
2.00
7.00
7.00
5.00
7.00
6.00
3.00
8.00
2.00
6.00
3.00
6.00
14.00
3.00
9.00
2.00
1.00
2.00
2.00
2.00
1.00
1.00
3.00
2.00
8.00
3.00
1.00
1.00
2.00
2.00
1.00
15.00
1.00
1.00
34.00
4.00
7.00
1.00
3.00
8.00
2.00
7.00
3.00
1.00
1.00
10.00
1.00
1.00
2.00
8.00
14.00
3.00
1.00
1.00
1.00
8.00
5.00
2.00
3.00
3.00
2.00
1.00
8.00
1.00
7.00
1.00
3.00
9.00
1.00
3.00
3.00
1.00
1.00
2.00
4.00
1.00
1.00
4.00
8.00
6.00
7.00
2.00
1.00
4.00
2.00
5.00
1.00
2.00
1.00
1.00
1.00
5.00
3.00
2.00
14.00
15.00
1.00
3.00
2.00
3.00
2.00
3.00
4.00
2.00
2.00
5.00
3.00
7.00
10.00
3.00
7.00
3.00
1.00
2.00
6.00
1.00
2.00
3.00
6.00
1.00
2.00
1.00
1.00
4.00
3.00
14.00
3.00
1.00
3.00
12.00
15.00
1.00
26.00
29.00
1.00
4.00
1.00
1.00
1.00
17.00
9.00
11.00
13.00
3.00
7.00
4.00
1.00
3.00
8.00
7.00
7.00
10.00
10.00
2.00
18.00
3.00
1.00
1.00
14.00
1.00
2.00
4.00
1.00
5.00
1.00
3.00
1.00
3.00
1.00
2.00
1.00
1.00
9.00
2.00
1.00
1.00
4.00
1.00
10.00
1.00
5.00
13.00
6.00
7.00
7.00
13.00
2.00
1.00
6.00
5.00
6.00
3.00
3.00
3.00
6.00
2.00
21.00
19.00
15.00
1.00
3.00
1.00
2.00
1.00
1.00
10.00
6.00
2.00
10.00
3.00
1.00
1.00
2.00
3.00
7.00
2.00
2.00
8.00
1.00
1.00
5.00
1.00
3.00
3.00
7.00
17.00
3.00
2.00
1.00
13.00
3.00
6.00
7.00
5.00
2.00
11.00
7.00
8.00
3.00
6.00
2.00
2.00
3.00
6.00
5.00
16.00
9.00
3.00
4.00
5.00
7.00
3.00
1.00
5.00
3.00
4.00
3.00
9.00
1.00
3.00
1.00
8.00
1.00
13.00
1.00
1.00
1.00
2.00
7.00
1.00
5.00
3.00
2.00
11.00
5.00
3.00
4.00
1.00
1.00
16.00
5.00
2.00
7.00
5.00
8.00
7.00
3.00
1.00
12.00
3.00
6.00
29.00
2.00
1.00
1.00
6.00
1.00
5.00
1.00
3.00
3.00
11.00
1.00
1.00
3.00
1.00
1.00
1.00
2.00
2.00
1.00
3.00
1.00
2.00
1.00
5.00
7.00
6.00
1.00
3.00
3.00
1.00
2.00
3.00
12.00
1.00
2.00
2.00
9.00
3.00
1.00
1.00
1.00
1.00
6.00
2.00
5.00
1.00
13.00
21.00
2.00
16.00
10.00
2.00
1.00
8.00
10.00
1.00
2.00
1.00
2.00
9.00
11.00
1.00
10.00
3.00
4.00
2.00
1.00
2.00
5.00
1.00
2.00
1.00
5.00
1.00
2.00
5.00
1.00
8.00
4.00
2.00
1.00
8.00
8.00
12.00
3.00
6.00
7.00
12.00
7.00
4.00
2.00
8.00
8.00
2.00
3.00
4.00
1.00
1.00
13.00
1.00
4.00
9.00
9.00
5.00
5.00
2.00
2.00
3.00
1.00
6.00
3.00
4.00
1.00
3.00
7.00
10.00
2.00
14.00
35.00
1.00
3.00
7.00
43.00
3.00
10.00
2.00
6.00
3.00
2.00
5.00
1.00
2.00
4.00
1.00
1.00
4.00
3.00
3.00
2.00
1.00
2.00
1.00
1.00
7.00
1.00
1.00
1.00
1.00
4.00
2.00
8.00
2.00
3.00
15.00
3.00
11.00
2.00
3.00
5.00
2.00
1.00
2.00
4.00
8.00
1.00
6.00
1.00
8.00
1.00
9.00
14.00
1.00
4.00
4.00
5.00
12.00
6.00
12.00
24.00
4.00
1.00
5.00
22.00
10.00
4.00
6.00
1.00
1.00
5.00
1.00
5.00
9.00
4.00
3.00
1.00
1.00
1.00
3.00
10.00
2.00
3.00
2.00
1.00
4.00
1.00
1.00
2.00
3.00
3.00
2.00
6.00
2.00
6.00
8.00
6.00
8.00
4.00
12.00
5.00
11.00
9.00
13.00
12.00
2.00
5.00
4.00
6.00
8.00
1.00
4.00
9.00
4.00
10.00
8.00
9.00
1.00
1.00
4.00
1.00
1.00
1.00
4.00
4.00
11.00
1.00
3.00
4.00
4.00
3.00
5.00
8.00
1.00
1.00
1.00
4.00
1.00
3.00
3.00
1.00
1.00
22.00
9.00
5.00
6.00
30.00
5.00
7.00
6.00
1.00
6.00
5.00
1.00
2.00
1.00
6.00
14.00
5.00
5.00
4.00
1.00
1.00
1.00
5.00
28.00
15.00
13.00
1.00
1.00
3.00
5.00
6.00
17.00
1.00
25.00
2.00
7.00
4.00
6.00
2.00
1.00
2.00
4.00
2.00
3.00
1.00
6.00
1.00
3.00
3.00
6.00
9.00
1.00
6.00
7.00
1.00
2.00
1.00
4.00
1.00
1.00
3.00
5.00
2.00
5.00
8.00
11.00
6.00
2.00
5.00
18.00
7.00
4.00
1.00
1.00
2.00
10.00
12.00
14.00
1.00
1.00
4.00
1.00
4.00
2.00
2.00
2.00
3.00
1.00
1.00
1.00
1.00
1.00
3.00
6.00
2.00
6.00
3.00
6.00
2.00
3.00
10.00
8.00
1.00
3.00
4.00
1.00
5.00
1.00
3.00
3.00
8.00
1.00
3.00
2.00
2.00
9.00
1.00
1.00
3.00
2.00
6.00
2.00
2.00
1.00
12.00
5.00
10.00
6.00
1.00
3.00
2.00
4.00
9.00
7.00
1.00
1.00
1.00
2.00
1.00
1.00
8.00
2.00
11.00
10.00
10.00
21.00
9.00
1.00
4.00
1.00
1.00
13.00
11.00
1.00
1.00
2.00
3.00
1.00
1.00
1.00
12.00
5.00
1.00
3.00
2.00
1.00
2.00
1.00
3.00
4.00
1.00
2.00
12.00
8.00
13.00
8.00
1.00
3.00
2.00
6.00
1.00
4.00
1.00
3.00
2.00
4.00
1.00
24.00
1.00
1.00
1.00
7.00
2.00
10.00
7.00
1.00
5.00
8.00
1.00
11.00
1.00
1.00
14.00
1.00
6.00
8.00
1.00
6.00
1.00
12.00
1.00
3.00
1.00
3.00
2.00
2.00
9.00
1.00
13.00
2.00
3.00
7.00
4.00
1.00
1.00
1.00
1.00
9.00
5.00
2.00
1.00
7.00
23.00
2.00
6.00
2.00
1.00
5.00
6.00
1.00
16.00
12.00
2.00
1.00
3.00
2.00
1.00
1.00
1.00
1.00
2.00
7.00
7.00
1.00
1.00
2.00
5.00
7.00
6.00
11.00
2.00
4.00
12.00
6.00
14.00
1.00
1.00
2.00
5.00
4.00
17.00
19.00
7.00
9.00
5.00
15.00
1.00
1.00
2.00
7.00
10.00
4.00
4.00
2.00
1.00
1.00
1.00
23.00
6.00
7.00
5.00
2.00
3.00
3.00
1.00
1.00
3.00
1.00
1.00
1.00
3.00
2.00
1.00
7.00
4.00
13.00
3.00
3.00
4.00
1.00
9.00
1.00
11.00
1.00
1.00
1.00
5.00
2.00
7.00
9.00
5.00
14.00
37.00
8.00
1.00
2.00
4.00
4.00
3.00
1.00
17.00
1.00
5.00
2.00
3.00
2.00
1.00
1.00
2.00
3.00
1.00
9.00
9.00
7.00
5.00
3.00
1.00
1.00
3.00
3.00
3.00
1.00
1.00
2.00
2.00
1.00
3.00
6.00
1.00
1.00
1.00
14.00
1.00
1.00
1.00
2.00
3.00
16.00
3.00
1.00
2.00
4.00
7.00
1.00
21.00
5.00
1.00
10.00
3.00
2.00
2.00
5.00
20.00
16.00
7.00
2.00
2.00
6.00
9.00
1.00
2.00
4.00
2.00
2.00
3.00
4.00
1.00
4.00
1.00
1.00
1.00
2.00
1.00
1.00
2.00
13.00
14.00
5.00
6.00
1.00
1.00
2.00
15.00
7.00
1.00
20.00
9.00
1.00
2.00
3.00
14.00
