1
4
0
0
0
0
0
0
0
0
7
10
44
0
3
0
0
0
0
0
0
0
5
22
21
4
0
0
0
0
0
0
0
0
0
3
15
5
0
2
0
0
0
0
0
10
2
3
20
0
4
0
0
0
0
0
0
0
0
0
0
9
0
0
0
0
0
0
0
7
3
2
37
12
0
0
0
0
0
0
0
0
7
3
16
2
24
0
0
0
0
0
0
1
18
10
0
36
20
4
0
0
0
0
0
0
22
2
2
8
2
3
0
0
0
0
0
0
0
6
7
9
0
0
0
0
0
0
0
0
0
13
0
6
0
0
0
0
0
0
0
0
0
0
13
0
0
0
0
0
0
0
2
3
31
27
21
13
0
0
0
0
0
0
0
2
2
6
10
11
0
0
0
0
0
0
5
2
8
2
0
7
1
0
0
0
0
0
0
5
13
0
12
16
0
0
0
0
0
0
0
4
5
3
25
0
10
0
0
0
0
0
0
0
0
4
5
1
0
0
0
0
0
0
1
4
5
10
0
0
1
0
0
0
0
0
0
7
14
6
0
5
6
4
0
0
0
0
0
1
16
17
1
4
0
1
0
0
0
0
0
1
18
11
8
19
2
0
0
0
0
0
0
5
5
2
26
1
0
0
0
0
0
0
6
0
0
2
0
5
0
4
0
0
0
0
0
3
13
0
8
0
2
0
0
0
0
0
2
0
9
6
0
18
0
0
0
0
0
0
0
1
9
8
2
1
5
0
0
0
0
0
0
0
7
0
0
13
0
0
0
0
0
0
0
0
1
2
0
2
0
0
0
0
0
0
0
1
6
20
