0
19
3
0
0
0
0
0
0
0
29
41
2
0
7
0
0
0
0
0
0
3
29
25
11
15
6
0
0
0
0
0
0
0
10
10
2
7
0
0
0
0
0
0
0
12
27
18
16
0
4
0
0
0
0
0
0
0
3
12
4
0
6
3
0
0
0
0
3
4
13
0
6
0
0
0
0
0
0
0
0
0
1
0
0
0
5
0
0
0
0
0
2
0
1
7
1
0
0
11
0
0
0
0
3
1
2
9
0
4
2
0
0
0
0
0
0
1
0
0
0
0
0
0
0
0
0
0
0
0
0
6
15
0
2
0
0
0
0
0
0
13
7
4
4
5
6
0
0
0
0
0
0
3
1
6
10
0
0
0
0
0
0
0
0
0
6
10
0
0
1
3
0
0
0
0
0
0
8
4
4
4
0
0
0
0
0
0
0
0
1
0
12
3
0
0
0
0
0
0
0
0
0
4
25
3
0
0
0
0
0
0
0
0
16
6
0
3
1
0
0
0
0
0
3
5
3
0
0
0
22
0
0
0
0
0
0
0
14
9
0
5
15
0
0
0
0
0
0
0
11
3
14
5
0
9
0
0
0
0
0
0
11
32
20
0
0
0
0
0
0
0
0
7
12
2
36
17
0
6
0
0
0
0
0
2
14
15
17
5
0
0
0
0
0
0
0
2
14
7
2
4
1
0
0
0
0
0
0
0
36
0
0
9
14
0
0
0
0
0
0
9
11
0
10
3
0
0
0
0
0
0
0
2
5
24
11
28
0
0
0
0
2
0
0
4
0
7
23
0
16
0
0
0
0
0
0
0
2
8
