27
30
30
0
1
0
0
0
0
0
19
32
76
14
18
3
0
0
0
0
0
0
9
33
54
38
31
9
0
0
0
0
1
4
6
21
84
17
32
7
0
0
0
0
0
14
13
36
57
28
20
5
0
0
0
0
6
4
1
0
4
48
8
4
0
0
0
0
0
10
10
23
60
21
14
0
0
0
0
0
0
0
23
12
61
22
61
6
0
0
0
0
0
6
40
33
0
66
76
17
0
0
0
0
0
4
51
17
36
50
30
17
0
0
0
0
0
0
3
20
19
63
10
1
0
0
0
0
0
0
12
61
17
51
17
1
0
0
0
0
2
4
22
7
43
22
12
8
0
0
0
0
9
7
54
56
66
56
0
4
0
0
0
0
0
12
26
40
43
32
12
3
0
0
0
0
11
13
23
22
8
58
13
0
0
0
0
0
0
19
16
3
32
37
6
11
0
0
0
0
0
26
19
28
62
17
37
5
0
0
0
0
0
7
0
43
22
32
40
5
0
0
0
0
5
18
12
85
8
12
13
0
0
0
0
0
0
14
40
38
66
59
24
9
0
0
0
0
0
7
52
80
39
36
5
29
0
0
0
0
0
2
29
71
63
58
45
3
0
0
0
0
0
6
13
14
59
44
11
6
0
0
0
0
12
8
21
15
10
22
28
15
0
0
0
0
0
26
28
3
40
31
36
3
0
0
0
0
8
7
38
37
57
64
32
8
0
0
0
0
0
8
30
36
35
31
23
14
0
0
0
0
1
4
16
9
36
47
39
2
4
0
0
0
1
15
13
23
43
41
23
18
1
0
0
0
0
15
24
52
