2
43
8
5
0
0
0
0
0
0
44
55
12
0
23
2
0
0
0
0
0
2
35
36
35
27
23
0
0
0
0
0
0
0
31
36
14
28
10
0
0
0
0
0
0
11
41
44
27
6
27
8
1
0
0
0
0
0
10
26
25
16
28
11
0
0
0
0
1
3
16
0
20
1
6
0
0
0
0
0
0
0
17
6
6
3
23
8
0
0
0
0
0
0
5
23
15
19
14
12
1
0
0
0
3
1
24
21
29
13
34
5
1
0
0
0
0
1
0
2
5
11
0
4
0
0
0
0
0
3
3
15
43
7
6
0
0
0
0
0
0
14
17
11
21
29
41
0
0
0
0
0
0
3
7
18
42
0
7
0
0
0
0
0
0
0
15
30
4
8
18
12
0
0
0
0
0
0
11
10
14
19
4
0
0
0
0
0
0
0
6
3
40
28
20
1
2
0
0
0
0
0
2
26
59
19
6
11
0
0
0
0
0
0
19
13
0
15
12
0
0
0
0
0
1
9
5
3
3
6
50
1
0
0
0
0
0
0
19
15
7
32
48
0
1
0
0
0
0
4
11
6
21
20
1
13
0
0
0
0
0
0
30
58
43
14
3
2
0
0
0
0
0
4
15
6
88
23
0
20
0
0
0
0
0
2
20
21
48
33
13
4
0
0
0
0
0
4
23
34
13
19
15
4
1
0
0
0
0
0
44
3
1
33
20
2
2
0
0
0
0
5
31
2
41
20
16
2
0
0
0
0
0
3
14
50
36
58
16
1
2
0
0
0
0
7
0
37
33
8
34
3
0
0
0
0
0
1
16
23
