22
34
21
13
0
0
0
0
5
34
64
76
25
6
28
4
1
0
0
0
4
14
51
53
44
38
19
11
9
0
0
0
0
23
58
50
13
26
18
7
0
0
0
0
0
22
62
57
41
22
29
24
18
0
0
3
19
23
15
39
41
23
46
33
10
2
0
0
14
14
34
5
17
2
12
6
0
10
12
0
2
0
47
27
16
13
21
11
11
0
0
0
7
8
20
37
36
46
24
14
13
2
0
0
17
27
48
32
49
10
38
17
8
2
4
0
17
34
0
10
6
9
0
14
0
0
0
3
10
17
21
20
44
10
14
6
0
1
0
0
11
30
45
32
24
56
57
12
6
0
5
0
6
22
28
32
38
1
17
2
2
4
0
0
9
7
20
53
23
10
25
15
1
0
0
7
6
16
43
32
23
17
9
3
0
0
0
0
7
27
17
13
37
21
42
15
7
0
1
2
5
18
33
26
66
25
18
9
19
0
0
0
7
11
29
12
0
16
15
9
2
1
0
10
17
24
10
29
25
6
46
10
1
0
2
0
8
21
33
30
19
37
42
5
14
2
16
0
5
29
34
17
15
17
18
22
0
0
1
7
7
9
42
60
33
27
8
10
3
0
0
0
4
22
37
31
88
26
4
20
1
0
0
2
29
7
36
28
44
47
27
15
0
0
0
3
16
31
51
51
10
29
18
18
12
0
0
0
0
11
46
4
16
64
29
6
16
0
3
0
1
44
53
6
46
32
19
15
8
0
0
0
9
28
28
66
47
60
39
4
7
0
3
5
0
20
19
55
36
29
41
6
4
0
0
3
1
37
46
27
