131.00
2.00
5.00
176.00
15.00
29.00
40.00
43.00
531.00
245.00
12.00
2.00
2.00
5.00
3.00
7.00
2.00
34.00
1.00
2.00
31.00
3.00
7.00
6.00
5.00
4.00
27.00
1.00
233.00
7.00
31.00
3.00
801.00
43.00
83.00
9.00
21.00
95.00
4.00
9.00
62.00
29.00
5.00
49.00
12.00
29.00
11.00
1.00
2.00
17.00
73.00
571.00
312.00
8.00
14.00
2.00
4.00
47.00
5.00
24.00
19.00
23.00
3.00
57.00
81.00
56.00
1.00
4.00
976.00
6.00
1.00
19.00
3.00
10.00
10.00
12.00
27.00
13.00
14.00
62.00
7.00
3.00
5.00
2.00
1.00
254.00
5.00
28.00
18.00
26.00
46.00
424.00
205.00
15.00
12.00
127.00
89.00
14.00
2.00
42.00
17.00
5.00
4.00
39.00
28.00
30.00
35.00
67.00
57.00
3.00
18.00
13.00
11.00
100.00
4.00
2.00
7.00
176.00
459.00
30.00
97.00
13.00
10.00
10.00
39.00
89.00
118.00
8.00
2.00
2.00
253.00
831.00
58.00
1.00
2.00
19.00
63.00
55.00
5.00
41.00
239.00
32.00
6.00
55.00
10.00
61.00
578.00
36.00
1.00
7.00
229.00
13.00
73.00
16.00
4.00
35.00
42.00
15.00
1.00
180.00
51.00
8.00
17.00
3.00
59.00
164.00
450.00
1.00
55.00
26.00
19.00
31.00
37.00
40.00
36.00
23.00
17.00
77.00
34.00
5.00
2.00
1.00
13.00
4.00
24.00
28.00
176.00
20.00
1.00
3.00
5.00
1.00
102.00
39.00
16.00
4.00
1.00
310.00
39.00
122.00
107.00
35.00
3.00
79.00
223.00
142.00
33.00
4.00
1.00
250.00
77.00
210.00
309.00
1.00
161.00
11.00
110.00
16.00
223.00
5.00
2.00
81.00
2.00
45.00
2.00
1.00
127.00
37.00
45.00
89.00
523.00
40.00
69.00
50.00
2.00
2.00
2.00
32.00
43.00
2.00
64.00
2.00
25.00
67.00
20.00
67.00
62.00
3.00
5.00
32.00
12.00
455.00
312.00
1.00
158.00
32.00
2.00
4.00
11.00
89.00
1.00
2.00
20.00
18.00
7.00
5.00
7.00
21.00
169.00
34.00
1.00
402.00
263.00
1.00
170.00
106.00
25.00
23.00
23.00
20.00
3.00
11.00
65.00
70.00
60.00
12.00
28.00
3.00
1.00
66.00
5.00
14.00
2.00
83.00
197.00
4.00
504.00
42.00
58.00
51.00
20.00
42.00
6.00
1.00
161.00
67.00
49.00
3.00
3.00
2.00
57.00
48.00
14.00
804.00
145.00
3.00
44.00
14.00
111.00
1.00
5.00
7.00
28.00
14.00
17.00
3.00
47.00
27.00
2.00
33.00
1.00
6.00
11.00
31.00
2.00
10.00
47.00
122.00
469.00
80.00
19.00
189.00
86.00
60.00
2.00
12.00
5.00
4.00
1.00
26.00
17.00
4.00
46.00
1.00
16.00
47.00
14.00
8.00
8.00
1.00
156.00
3.00
22.00
675.00
20.00
136.00
1.00
4.00
1.00
321.00
3.00
7.00
43.00
23.00
17.00
5.00
18.00
109.00
680.00
41.00
51.00
51.00
137.00
13.00
17.00
74.00
199.00
3.00
3.00
1.00
4.00
9.00
19.00
51.00
292.00
278.00
104.00
21.00
1.00
159.00
85.00
46.00
9.00
41.00
41.00
68.00
11.00
4.00
9.00
75.00
24.00
2.00
3.00
19.00
15.00
1.00
1.00
3.00
1.00
4.00
167.00
3.00
164.00
414.00
76.00
25.00
142.00
60.00
158.00
37.00
14.00
41.00
205.00
36.00
418.00
37.00
98.00
64.00
204.00
39.00
11.00
4.00
2.00
9.00
3.00
8.00
25.00
1.00
67.00
8.00
6.00
1.00
28.00
31.00
17.00
103.00
123.00
705.00
3.00
45.00
14.00
79.00
13.00
73.00
51.00
2.00
42.00
15.00
3.00
5.00
6.00
3.00
9.00
11.00
1.00
12.00
6.00
21.00
1.00
8.00
212.00
15.00
143.00
469.00
22.00
4.00
6.00
45.00
1.00
1.00
95.00
2.00
42.00
29.00
8.00
1.00
2.00
1.00
7.00
9.00
122.00
25.00
2.00
2.00
9.00
3.00
1.00
34.00
54.00
78.00
1.00
4.00
17.00
4.00
4.00
80.00
644.00
56.00
10.00
34.00
2.00
8.00
3.00
1.00
3.00
22.00
28.00
16.00
4.00
51.00
16.00
6.00
2.00
14.00
43.00
2.00
3.00
90.00
3.00
1.00
104.00
6.00
136.00
4.00
85.00
28.00
604.00
40.00
59.00
28.00
3.00
2.00
75.00
211.00
6.00
26.00
33.00
52.00
62.00
744.00
34.00
14.00
52.00
28.00
4.00
10.00
5.00
4.00
8.00
11.00
17.00
1.00
58.00
101.00
32.00
38.00
22.00
1.00
6.00
15.00
67.00
31.00
101.00
26.00
62.00
343.00
251.00
23.00
96.00
13.00
3.00
4.00
1.00
100.00
61.00
8.00
46.00
59.00
15.00
11.00
38.00
7.00
1.00
1.00
5.00
16.00
103.00
31.00
4.00
95.00
212.00
1.00
492.00
1.00
103.00
62.00
16.00
4.00
4.00
3.00
2.00
8.00
22.00
15.00
17.00
1.00
20.00
2.00
1.00
41.00
43.00
35.00
17.00
2.00
38.00
23.00
2.00
1.00
163.00
488.00
70.00
26.00
3.00
190.00
3.00
13.00
7.00
44.00
13.00
18.00
