8.00
41.00
26.00
3.00
8.00
9.00
6.00
2.00
19.00
10.00
3.00
30.00
15.00
13.00
19.00
24.00
9.00
1.00
12.00
20.00
236.00
638.00
3.00
62.00
22.00
12.00
54.00
10.00
4.00
6.00
2.00
1.00
13.00
38.00
8.00
2.00
47.00
5.00
49.00
1.00
9.00
26.00
112.00
820.00
102.00
1.00
11.00
9.00
55.00
2.00
1.00
46.00
6.00
30.00
25.00
14.00
3.00
2.00
20.00
1.00
5.00
4.00
21.00
49.00
1.00
13.00
1.00
65.00
1.00
620.00
127.00
94.00
3.00
63.00
4.00
57.00
27.00
1.00
13.00
1.00
1.00
6.00
23.00
15.00
52.00
28.00
1.00
3.00
20.00
2.00
12.00
50.00
11.00
822.00
24.00
12.00
59.00
36.00
6.00
5.00
8.00
2.00
10.00
4.00
6.00
73.00
3.00
1.00
1.00
1.00
30.00
13.00
8.00
11.00
9.00
1.00
15.00
26.00
2.00
17.00
3.00
30.00
19.00
2.00
115.00
8.00
613.00
1.00
3.00
56.00
138.00
173.00
140.00
1.00
2.00
3.00
66.00
54.00
37.00
47.00
3.00
744.00
75.00
31.00
106.00
24.00
2.00
64.00
13.00
41.00
12.00
10.00
12.00
30.00
966.00
63.00
17.00
3.00
5.00
56.00
1.00
25.00
10.00
22.00
13.00
1.00
2.00
3.00
16.00
3.00
1.00
20.00
2.00
2.00
45.00
52.00
17.00
19.00
20.00
2.00
31.00
6.00
82.00
658.00
37.00
9.00
55.00
15.00
1.00
26.00
8.00
51.00
1.00
5.00
20.00
7.00
135.00
48.00
1.00
2.00
9.00
5.00
7.00
7.00
6.00
18.00
29.00
728.00
85.00
1.00
7.00
7.00
15.00
22.00
2.00
2.00
6.00
35.00
1.00
5.00
63.00
10.00
16.00
37.00
30.00
7.00
1.00
8.00
1.00
27.00
59.00
7.00
18.00
10.00
4.00
2.00
9.00
1.00
3.00
6.00
880.00
65.00
19.00
18.00
58.00
4.00
45.00
33.00
28.00
1.00
3.00
2.00
5.00
33.00
5.00
3.00
2.00
2.00
2.00
42.00
17.00
35.00
74.00
802.00
2.00
64.00
1.00
33.00
10.00
16.00
6.00
18.00
11.00
1.00
2.00
5.00
9.00
2.00
69.00
28.00
43.00
10.00
2.00
1.00
4.00
14.00
29.00
5.00
12.00
53.00
613.00
65.00
48.00
67.00
39.00
7.00
3.00
4.00
86.00
8.00
10.00
53.00
45.00
41.00
2.00
8.00
12.00
6.00
4.00
37.00
3.00
24.00
17.00
3.00
3.00
2.00
26.00
78.00
10.00
1.00
49.00
8.00
599.00
1.00
16.00
77.00
90.00
15.00
2.00
15.00
64.00
2.00
1.00
43.00
11.00
2.00
3.00
1.00
9.00
30.00
2.00
1.00
50.00
3.00
13.00
182.00
731.00
7.00
24.00
34.00
10.00
7.00
19.00
8.00
20.00
13.00
13.00
2.00
1.00
4.00
4.00
2.00
36.00
4.00
17.00
2.00
27.00
35.00
55.00
5.00
5.00
2.00
63.00
22.00
20.00
34.00
30.00
64.00
4.00
584.00
31.00
13.00
41.00
38.00
11.00
11.00
9.00
18.00
6.00
52.00
51.00
1.00
7.00
20.00
25.00
34.00
38.00
60.00
3.00
7.00
2.00
14.00
21.00
2.00
16.00
47.00
19.00
5.00
5.00
813.00
3.00
16.00
4.00
32.00
179.00
66.00
60.00
2.00
19.00
1.00
160.00
1.00
73.00
3.00
15.00
4.00
10.00
647.00
6.00
16.00
8.00
8.00
2.00
6.00
41.00
64.00
1.00
24.00
1.00
23.00
47.00
1.00
18.00
4.00
13.00
2.00
5.00
24.00
13.00
4.00
58.00
1.00
2.00
76.00
2.00
12.00
11.00
11.00
35.00
11.00
1.00
773.00
11.00
20.00
152.00
3.00
33.00
1.00
4.00
1.00
1.00
3.00
33.00
70.00
28.00
19.00
30.00
3.00
4.00
1.00
7.00
15.00
18.00
13.00
3.00
6.00
1.00
8.00
6.00
37.00
1.00
660.00
1.00
81.00
19.00
23.00
125.00
1.00
25.00
1.00
2.00
1.00
9.00
3.00
11.00
10.00
8.00
26.00
46.00
8.00
28.00
38.00
5.00
38.00
3.00
30.00
3.00
75.00
20.00
741.00
7.00
48.00
49.00
26.00
2.00
4.00
36.00
16.00
22.00
4.00
9.00
4.00
1.00
34.00
5.00
9.00
3.00
1.00
40.00
2.00
4.00
4.00
31.00
19.00
4.00
4.00
21.00
15.00
17.00
39.00
5.00
21.00
47.00
672.00
57.00
48.00
2.00
19.00
12.00
3.00
4.00
14.00
5.00
5.00
1.00
1.00
4.00
18.00
4.00
23.00
1.00
43.00
14.00
2.00
2.00
12.00
17.00
2.00
1.00
4.00
1.00
25.00
9.00
1.00
1.00
19.00
6.00
90.00
13.00
9.00
3.00
3.00
2.00
62.00
1.00
700.00
51.00
15.00
3.00
11.00
50.00
20.00
2.00
4.00
17.00
5.00
27.00
7.00
4.00
17.00
3.00
3.00
34.00
20.00
4.00
2.00
22.00
5.00
2.00
26.00
9.00
13.00
722.00
168.00
11.00
19.00
1.00
27.00
102.00
1.00
1.00
6.00
25.00
9.00
8.00
7.00
12.00
3.00
2.00
1.00
39.00
11.00
5.00
14.00
1.00
37.00
3.00
102.00
1.00
2.00
11.00
43.00
533.00
64.00
18.00
37.00
110.00
5.00
33.00
2.00
16.00
51.00
9.00
4.00
2.00
11.00
39.00
47.00
42.00
1.00
26.00
24.00
1.00
43.00
1.00
25.00
6.00
19.00
42.00
33.00
19.00
725.00
2.00
25.00
1.00
16.00
34.00
2.00
13.00
6.00
1.00
165.00
1.00
1.00
55.00
16.00
7.00
27.00
11.00
4.00
3.00
8.00
4.00
23.00
13.00
9.00
3.00
16.00
2.00
1.00
12.00
43.00
106.00
582.00
21.00
10.00
3.00
53.00
2.00
57.00
19.00
7.00
4.00
19.00
10.00
1.00
25.00
51.00
4.00
1.00
2.00
2.00
5.00
1.00
11.00
18.00
4.00
8.00
8.00
6.00
10.00
1.00
6.00
1.00
9.00
1.00
12.00
5.00
2.00
9.00
75.00
1.00
4.00
26.00
47.00
26.00
662.00
8.00
145.00
8.00
14.00
27.00
3.00
12.00
37.00
5.00
1.00
3.00
83.00
1.00
5.00
49.00
12.00
1.00
7.00
2.00
1.00
19.00
95.00
12.00
31.00
1.00
33.00
4.00
634.00
17.00
95.00
11.00
103.00
102.00
2.00
7.00
24.00
2.00
62.00
15.00
5.00
17.00
3.00
1.00
19.00
28.00
10.00
31.00
13.00
1.00
1.00
1.00
92.00
127.00
490.00
28.00
1.00
1.00
84.00
48.00
3.00
6.00
82.00
59.00
13.00
5.00
2.00
1.00
3.00
21.00
9.00
6.00
8.00
11.00
24.00
1.00
7.00
2.00
18.00
5.00
14.00
2.00
1.00
17.00
32.00
3.00
15.00
29.00
29.00
1.00
12.00
8.00
18.00
67.00
664.00
1.00
18.00
25.00
60.00
5.00
28.00
25.00
9.00
15.00
