24
25
32
1
2
0
1
2
9
5
39
55
77
15
21
12
12
0
0
1
10
33
29
32
54
48
35
22
2
0
0
1
19
15
11
21
73
18
44
10
18
4
0
8
8
25
32
49
46
32
25
12
7
3
0
0
19
10
5
15
3
43
9
14
7
0
2
0
2
15
17
25
58
24
19
8
6
1
0
0
14
8
45
12
62
17
59
12
2
0
0
7
6
28
45
32
1
65
77
20
8
0
2
2
0
17
68
23
35
44
35
46
0
0
0
0
12
7
12
30
21
63
13
3
0
0
0
4
13
4
18
64
20
47
27
10
1
0
5
2
23
19
32
9
37
35
18
9
4
0
9
1
35
25
59
55
59
51
2
17
6
0
0
13
19
26
35
38
44
28
17
8
2
4
0
6
38
29
25
28
12
55
19
0
0
0
0
0
21
36
15
13
32
42
13
33
1
5
1
2
6
43
22
28
67
22
42
6
0
3
0
7
15
20
5
44
30
27
41
9
0
4
2
9
18
24
23
80
16
16
14
4
0
1
2
1
25
35
46
35
61
60
22
18
5
4
3
2
21
14
52
88
37
42
2
40
9
4
4
3
2
19
45
76
56
60
60
10
0
8
0
1
30
12
17
17
56
44
13
11
10
0
0
1
32
22
32
19
10
19
35
20
10
0
4
0
3
42
35
4
38
35
53
11
9
0
1
6
33
45
49
38
42
51
28
15
8
0
0
7
6
25
34
46
36
27
23
19
2
8
0
9
11
30
28
17
32
43
37
12
23
3
3
2
23
30
25
22
42
43
22
18
0
2
2
0
12
32
39
51
