29.00
5.00
5.00
1.00
72.00
3.00
6.00
56.00
2.00
8.00
89.00
10.00
29.00
36.00
570.00
111.00
1.00
14.00
4.00
8.00
18.00
1.00
10.00
1.00
42.00
11.00
1.00
17.00
1.00
1.00
9.00
2.00
1.00
10.00
8.00
20.00
4.00
1.00
3.00
6.00
11.00
1.00
45.00
1.00
179.00
43.00
1.00
4.00
34.00
53.00
319.00
370.00
1.00
2.00
2.00
38.00
2.00
47.00
27.00
9.00
11.00
50.00
3.00
15.00
2.00
3.00
2.00
5.00
65.00
1.00
11.00
6.00
47.00
12.00
23.00
8.00
3.00
17.00
67.00
5.00
58.00
43.00
23.00
692.00
2.00
9.00
20.00
7.00
1.00
14.00
3.00
18.00
18.00
23.00
16.00
11.00
5.00
53.00
76.00
14.00
16.00
16.00
5.00
77.00
54.00
54.00
3.00
77.00
466.00
2.00
191.00
22.00
3.00
18.00
4.00
12.00
6.00
4.00
25.00
1.00
6.00
5.00
2.00
13.00
42.00
8.00
1.00
1.00
3.00
41.00
79.00
20.00
36.00
46.00
12.00
7.00
10.00
15.00
15.00
7.00
2.00
3.00
46.00
52.00
3.00
6.00
520.00
8.00
3.00
1.00
12.00
14.00
12.00
5.00
1.00
4.00
88.00
85.00
13.00
63.00
1.00
1.00
21.00
23.00
14.00
11.00
54.00
38.00
1.00
40.00
13.00
10.00
25.00
13.00
1.00
44.00
5.00
7.00
2.00
3.00
75.00
85.00
454.00
7.00
8.00
12.00
25.00
7.00
60.00
25.00
2.00
7.00
34.00
48.00
156.00
10.00
32.00
221.00
24.00
70.00
348.00
39.00
403.00
2.00
15.00
17.00
5.00
21.00
1.00
14.00
1.00
35.00
6.00
33.00
5.00
3.00
1.00
3.00
40.00
66.00
31.00
26.00
82.00
2.00
1.00
5.00
61.00
6.00
29.00
26.00
102.00
54.00
4.00
1.00
4.00
406.00
32.00
1.00
230.00
1.00
1.00
5.00
1.00
47.00
2.00
13.00
12.00
7.00
8.00
18.00
28.00
10.00
2.00
56.00
15.00
1.00
25.00
1.00
49.00
19.00
26.00
5.00
20.00
2.00
63.00
22.00
136.00
8.00
16.00
30.00
382.00
84.00
5.00
5.00
1.00
33.00
11.00
18.00
33.00
24.00
5.00
1.00
12.00
10.00
29.00
7.00
11.00
7.00
1.00
31.00
6.00
3.00
1.00
16.00
14.00
10.00
10.00
31.00
10.00
36.00
3.00
75.00
18.00
5.00
2.00
31.00
11.00
1.00
21.00
24.00
38.00
13.00
4.00
57.00
2.00
17.00
88.00
145.00
38.00
168.00
37.00
8.00
15.00
35.00
40.00
35.00
194.00
24.00
2.00
5.00
137.00
29.00
6.00
37.00
190.00
7.00
9.00
73.00
1.00
488.00
4.00
19.00
1.00
100.00
23.00
32.00
91.00
4.00
7.00
7.00
1.00
17.00
54.00
5.00
137.00
4.00
1.00
2.00
3.00
3.00
76.00
43.00
3.00
92.00
30.00
37.00
135.00
510.00
50.00
9.00
16.00
32.00
50.00
6.00
5.00
14.00
10.00
21.00
9.00
7.00
54.00
7.00
2.00
18.00
66.00
18.00
3.00
39.00
1.00
20.00
5.00
24.00
5.00
11.00
3.00
1.00
7.00
103.00
74.00
269.00
289.00
13.00
18.00
4.00
74.00
19.00
15.00
19.00
28.00
4.00
11.00
47.00
39.00
1.00
2.00
15.00
18.00
2.00
1.00
6.00
10.00
22.00
3.00
170.00
61.00
1.00
76.00
141.00
327.00
82.00
2.00
51.00
2.00
2.00
16.00
94.00
85.00
1.00
14.00
23.00
1.00
19.00
18.00
8.00
8.00
1.00
1.00
56.00
3.00
65.00
61.00
45.00
59.00
1.00
4.00
15.00
83.00
134.00
2.00
49.00
285.00
3.00
67.00
2.00
67.00
52.00
1.00
57.00
14.00
12.00
2.00
62.00
1.00
12.00
5.00
29.00
9.00
2.00
1.00
2.00
24.00
4.00
51.00
60.00
13.00
34.00
5.00
1.00
57.00
3.00
1.00
29.00
2.00
61.00
10.00
668.00
108.00
25.00
10.00
13.00
4.00
9.00
1.00
11.00
82.00
2.00
4.00
43.00
7.00
112.00
17.00
21.00
1.00
24.00
2.00
48.00
3.00
21.00
3.00
1.00
36.00
9.00
43.00
6.00
19.00
1.00
11.00
1.00
69.00
14.00
21.00
8.00
448.00
101.00
19.00
103.00
5.00
68.00
56.00
12.00
2.00
2.00
60.00
4.00
13.00
6.00
4.00
2.00
25.00
5.00
9.00
1.00
5.00
23.00
1.00
2.00
56.00
1.00
6.00
2.00
2.00
6.00
7.00
2.00
36.00
9.00
13.00
80.00
1.00
24.00
55.00
70.00
11.00
1.00
1.00
434.00
1.00
1.00
84.00
111.00
37.00
1.00
3.00
71.00
40.00
198.00
4.00
6.00
8.00
35.00
24.00
15.00
5.00
17.00
89.00
15.00
77.00
128.00
341.00
124.00
39.00
52.00
40.00
8.00
105.00
11.00
1.00
2.00
26.00
2.00
30.00
99.00
1.00
3.00
11.00
1.00
112.00
5.00
2.00
1.00
13.00
13.00
1.00
28.00
10.00
30.00
66.00
2.00
571.00
2.00
12.00
1.00
88.00
45.00
75.00
7.00
7.00
34.00
30.00
1.00
10.00
28.00
11.00
1.00
1.00
66.00
12.00
5.00
7.00
69.00
4.00
9.00
3.00
2.00
13.00
1.00
16.00
2.00
3.00
2.00
34.00
71.00
43.00
13.00
160.00
96.00
283.00
61.00
16.00
17.00
25.00
64.00
76.00
2.00
17.00
12.00
1.00
14.00
166.00
7.00
5.00
11.00
2.00
113.00
22.00
60.00
42.00
35.00
1.00
9.00
95.00
64.00
1.00
276.00
97.00
61.00
1.00
13.00
2.00
157.00
1.00
3.00
7.00
1.00
14.00
8.00
9.00
10.00
1.00
3.00
9.00
3.00
2.00
65.00
3.00
1.00
25.00
18.00
12.00
9.00
3.00
55.00
38.00
57.00
41.00
10.00
8.00
160.00
35.00
2.00
279.00
214.00
3.00
3.00
46.00
15.00
2.00
52.00
21.00
13.00
15.00
19.00
21.00
49.00
25.00
5.00
2.00
10.00
2.00
7.00
10.00
18.00
4.00
62.00
5.00
8.00
132.00
15.00
569.00
7.00
21.00
1.00
21.00
4.00
7.00
47.00
4.00
1.00
22.00
72.00
20.00
6.00
18.00
10.00
15.00
4.00
3.00
6.00
9.00
75.00
34.00
3.00
24.00
2.00
1.00
10.00
1.00
26.00
17.00
19.00
11.00
33.00
13.00
29.00
17.00
5.00
3.00
14.00
34.00
25.00
17.00
484.00
77.00
35.00
5.00
63.00
15.00
35.00
4.00
4.00
1.00
15.00
27.00
16.00
2.00
41.00
2.00
3.00
11.00
40.00
2.00
22.00
65.00
5.00
90.00
6.00
9.00
2.00
49.00
74.00
1.00
4.00
1.00
49.00
21.00
635.00
24.00
29.00
2.00
39.00
1.00
16.00
5.00
71.00
3.00
144.00
48.00
3.00
6.00
18.00
1.00
3.00
24.00
5.00
1.00
20.00
19.00
62.00
4.00
16.00
100.00
6.00
5.00
26.00
224.00
336.00
33.00
7.00
8.00
31.00
49.00
4.00
5.00
6.00
19.00
1.00
101.00
20.00
9.00
19.00
1.00
3.00
6.00
35.00
22.00
1.00
20.00
32.00
8.00
20.00
27.00
98.00
80.00
2.00
49.00
1.00
325.00
210.00
7.00
39.00
67.00
10.00
3.00
7.00
2.00
63.00
30.00
2.00
1.00
2.00
1.00
19.00
10.00
30.00
5.00
29.00
5.00
14.00
2.00
2.00
9.00
8.00
23.00
2.00
7.00
11.00
15.00
1.00
6.00
55.00
14.00
15.00
1.00
1.00
79.00
14.00
47.00
83.00
76.00
3.00
162.00
2.00
124.00
122.00
2.00
65.00
42.00
33.00
26.00
1.00
37.00
4.00
2.00
4.00
18.00
10.00
3.00
3.00
7.00
17.00
7.00
18.00
5.00
3.00
77.00
6.00
36.00
18.00
32.00
1.00
18.00
4.00
1.00
56.00
58.00
2.00
1.00
29.00
68.00
489.00
27.00
76.00
7.00
2.00
55.00
6.00
29.00
1.00
7.00
5.00
46.00
3.00
12.00
1.00
20.00
