16
41
16
14
0
0
0
0
4
15
57
80
21
0
23
6
0
0
3
0
0
15
41
55
37
33
23
11
1
0
0
0
0
15
50
46
12
28
15
3
4
0
0
8
0
22
62
52
29
11
29
21
12
0
0
0
29
16
18
40
32
26
40
30
12
2
0
0
12
16
23
4
15
0
10
1
0
0
2
0
0
0
42
22
8
6
21
6
9
0
0
0
7
0
23
41
31
26
19
12
17
3
0
0
12
20
50
35
36
14
42
19
4
2
3
0
4
15
0
6
3
12
0
14
0
0
0
7
7
10
14
15
51
10
12
4
1
0
0
0
1
23
43
26
21
45
56
6
1
0
3
0
2
15
30
23
36
0
11
1
4
0
0
1
10
2
20
51
15
7
23
16
5
0
0
9
7
9
37
27
23
21
7
0
0
0
0
0
6
17
19
7
39
27
25
16
7
0
0
1
4
9
13
24
62
24
15
12
11
0
0
0
4
12
26
12
0
16
13
7
1
1
0
2
8
24
8
23
13
4
50
6
0
0
0
0
15
9
29
26
16
35
46
5
11
1
2
0
2
18
15
10
21
18
10
22
1
3
0
2
8
1
39
70
41
23
5
4
4
0
0
3
3
15
34
31
95
24
2
24
0
0
0
0
23
13
33
30
51
36
17
16
0
0
0
1
5
32
54
51
15
21
20
14
5
0
0
0
0
8
50
3
9
53
21
2
18
0
1
0
0
26
45
5
46
23
17
9
2
0
0
1
5
16
24
61
48
54
32
6
8
3
4
1
0
17
13
55
27
16
42
9
1
0
0
0
7
16
35
25
