1.00
4.00
5.00
2.00
5.00
10.00
26.00
1.00
12.00
3.00
5.00
18.00
4.00
1.00
8.00
12.00
2.00
2.00
3.00
1.00
2.00
12.00
5.00
2.00
10.00
1.00
1.00
3.00
6.00
4.00
1.00
9.00
4.00
3.00
1.00
5.00
7.00
3.00
2.00
30.00
3.00
4.00
12.00
7.00
3.00
9.00
9.00
14.00
10.00
1.00
9.00
9.00
4.00
6.00
2.00
1.00
1.00
27.00
5.00
4.00
9.00
2.00
2.00
3.00
4.00
10.00
1.00
5.00
3.00
3.00
2.00
1.00
1.00
2.00
3.00
2.00
1.00
2.00
3.00
3.00
3.00
6.00
1.00
2.00
2.00
1.00
2.00
2.00
4.00
3.00
2.00
2.00
1.00
1.00
1.00
5.00
2.00
10.00
1.00
2.00
3.00
16.00
15.00
1.00
5.00
9.00
8.00
4.00
7.00
14.00
7.00
1.00
2.00
3.00
2.00
2.00
1.00
1.00
4.00
8.00
1.00
1.00
6.00
1.00
3.00
1.00
1.00
4.00
2.00
4.00
4.00
2.00
4.00
2.00
1.00
1.00
4.00
1.00
13.00
3.00
9.00
3.00
3.00
10.00
3.00
1.00
5.00
2.00
1.00
20.00
2.00
1.00
2.00
8.00
2.00
2.00
2.00
5.00
1.00
1.00
2.00
2.00
5.00
10.00
1.00
5.00
2.00
3.00
7.00
1.00
1.00
2.00
4.00
2.00
3.00
2.00
6.00
4.00
1.00
2.00
2.00
1.00
7.00
1.00
6.00
1.00
4.00
1.00
5.00
2.00
1.00
1.00
4.00
1.00
1.00
18.00
1.00
6.00
4.00
1.00
16.00
5.00
5.00
1.00
1.00
5.00
5.00
2.00
2.00
24.00
1.00
6.00
1.00
1.00
5.00
4.00
2.00
1.00
13.00
7.00
1.00
2.00
2.00
7.00
2.00
6.00
5.00
5.00
4.00
3.00
1.00
1.00
3.00
6.00
8.00
2.00
1.00
5.00
2.00
5.00
10.00
3.00
1.00
1.00
1.00
2.00
1.00
2.00
3.00
1.00
4.00
1.00
15.00
