50.00
21.00
1.00
9.00
4.00
1.00
7.00
4.00
3.00
18.00
8.00
1.00
30.00
20.00
8.00
4.00
13.00
25.00
10.00
16.00
21.00
16.00
23.00
34.00
161.00
323.00
1.00
21.00
69.00
7.00
73.00
25.00
17.00
74.00
3.00
2.00
20.00
29.00
8.00
7.00
11.00
3.00
11.00
9.00
16.00
9.00
6.00
2.00
2.00
1.00
16.00
39.00
9.00
1.00
1.00
41.00
1.00
3.00
55.00
9.00
28.00
61.00
1.00
41.00
74.00
2.00
7.00
1.00
94.00
397.00
75.00
19.00
5.00
1.00
8.00
23.00
4.00
53.00
2.00
10.00
40.00
48.00
12.00
2.00
8.00
60.00
45.00
4.00
33.00
30.00
14.00
2.00
16.00
5.00
4.00
2.00
15.00
49.00
13.00
1.00
18.00
3.00
12.00
18.00
32.00
81.00
498.00
4.00
17.00
1.00
95.00
6.00
11.00
1.00
1.00
54.00
13.00
63.00
8.00
3.00
1.00
54.00
32.00
14.00
2.00
2.00
3.00
9.00
2.00
13.00
20.00
27.00
1.00
1.00
2.00
42.00
3.00
20.00
13.00
1.00
31.00
14.00
3.00
65.00
9.00
94.00
87.00
56.00
147.00
86.00
3.00
22.00
54.00
3.00
53.00
1.00
1.00
87.00
4.00
17.00
2.00
10.00
19.00
20.00
16.00
33.00
2.00
4.00
5.00
1.00
10.00
5.00
4.00
6.00
1.00
74.00
3.00
3.00
6.00
3.00
4.00
26.00
12.00
8.00
16.00
4.00
16.00
6.00
18.00
16.00
34.00
19.00
73.00
38.00
9.00
54.00
13.00
68.00
2.00
33.00
351.00
42.00
17.00
1.00
53.00
110.00
17.00
4.00
1.00
11.00
61.00
28.00
53.00
142.00
1.00
2.00
6.00
6.00
53.00
3.00
28.00
24.00
29.00
24.00
21.00
2.00
170.00
547.00
76.00
28.00
41.00
63.00
25.00
5.00
4.00
10.00
31.00
15.00
11.00
2.00
10.00
41.00
6.00
7.00
8.00
12.00
7.00
22.00
37.00
23.00
13.00
26.00
45.00
126.00
2.00
4.00
15.00
32.00
93.00
3.00
240.00
115.00
10.00
1.00
4.00
34.00
66.00
1.00
13.00
1.00
24.00
19.00
3.00
21.00
18.00
2.00
9.00
56.00
25.00
36.00
13.00
1.00
2.00
5.00
10.00
23.00
3.00
2.00
2.00
23.00
21.00
14.00
39.00
18.00
40.00
1.00
1.00
33.00
1.00
10.00
60.00
61.00
43.00
61.00
28.00
186.00
9.00
88.00
25.00
22.00
50.00
67.00
15.00
8.00
9.00
5.00
5.00
38.00
13.00
4.00
25.00
7.00
55.00
4.00
2.00
6.00
3.00
3.00
22.00
1.00
21.00
32.00
9.00
65.00
1.00
4.00
41.00
2.00
1.00
3.00
1.00
10.00
1.00
5.00
8.00
5.00
6.00
18.00
28.00
1.00
51.00
122.00
106.00
1.00
33.00
3.00
304.00
11.00
36.00
31.00
11.00
41.00
2.00
15.00
2.00
3.00
17.00
10.00
7.00
1.00
3.00
7.00
1.00
6.00
19.00
1.00
3.00
59.00
5.00
2.00
4.00
17.00
2.00
1.00
31.00
20.00
8.00
13.00
13.00
27.00
22.00
37.00
6.00
3.00
20.00
1.00
2.00
2.00
8.00
8.00
1.00
7.00
1.00
6.00
12.00
6.00
3.00
38.00
178.00
372.00
17.00
10.00
1.00
82.00
10.00
14.00
7.00
2.00
26.00
36.00
73.00
4.00
34.00
36.00
13.00
1.00
46.00
35.00
1.00
22.00
3.00
2.00
8.00
3.00
1.00
1.00
10.00
20.00
3.00
4.00
7.00
59.00
16.00
17.00
59.00
138.00
268.00
115.00
1.00
2.00
32.00
2.00
35.00
82.00
49.00
32.00
1.00
27.00
66.00
46.00
18.00
2.00
14.00
14.00
4.00
10.00
7.00
10.00
9.00
1.00
42.00
3.00
18.00
1.00
7.00
47.00
13.00
4.00
3.00
4.00
8.00
16.00
34.00
14.00
31.00
19.00
5.00
5.00
9.00
137.00
112.00
272.00
1.00
41.00
18.00
3.00
37.00
47.00
21.00
36.00
5.00
22.00
15.00
12.00
5.00
23.00
26.00
2.00
20.00
9.00
8.00
4.00
36.00
11.00
9.00
35.00
1.00
6.00
24.00
2.00
2.00
9.00
3.00
6.00
7.00
1.00
5.00
2.00
5.00
15.00
6.00
4.00
18.00
1.00
17.00
1.00
25.00
5.00
28.00
1.00
35.00
1.00
11.00
2.00
48.00
8.00
45.00
70.00
275.00
148.00
1.00
44.00
15.00
34.00
2.00
30.00
76.00
7.00
7.00
2.00
1.00
8.00
3.00
14.00
48.00
1.00
44.00
2.00
1.00
11.00
2.00
4.00
1.00
1.00
1.00
15.00
2.00
33.00
3.00
39.00
11.00
9.00
14.00
1.00
1.00
77.00
32.00
70.00
24.00
11.00
5.00
5.00
1.00
1.00
1.00
12.00
33.00
36.00
46.00
309.00
6.00
4.00
23.00
32.00
1.00
6.00
18.00
36.00
51.00
7.00
70.00
2.00
1.00
24.00
24.00
27.00
3.00
8.00
5.00
37.00
2.00
1.00
13.00
2.00
27.00
8.00
5.00
18.00
9.00
36.00
1.00
6.00
6.00
5.00
3.00
3.00
41.00
1.00
1.00
32.00
20.00
31.00
71.00
24.00
114.00
14.00
379.00
44.00
1.00
21.00
28.00
2.00
23.00
1.00
10.00
29.00
6.00
11.00
7.00
19.00
5.00
56.00
50.00
1.00
1.00
18.00
25.00
3.00
34.00
34.00
57.00
4.00
8.00
3.00
4.00
16.00
21.00
4.00
1.00
2.00
7.00
15.00
15.00
6.00
20.00
5.00
147.00
232.00
275.00
24.00
25.00
3.00
2.00
20.00
4.00
1.00
1.00
13.00
22.00
4.00
17.00
3.00
1.00
8.00
19.00
2.00
20.00
107.00
1.00
36.00
37.00
21.00
63.00
3.00
3.00
21.00
2.00
4.00
1.00
19.00
61.00
17.00
21.00
21.00
2.00
38.00
3.00
3.00
12.00
5.00
16.00
19.00
132.00
47.00
3.00
3.00
32.00
1.00
4.00
332.00
4.00
1.00
37.00
20.00
1.00
2.00
15.00
18.00
10.00
19.00
19.00
14.00
53.00
24.00
4.00
19.00
1.00
47.00
1.00
18.00
7.00
15.00
4.00
1.00
4.00
19.00
2.00
2.00
15.00
4.00
57.00
3.00
1.00
9.00
60.00
1.00
2.00
7.00
9.00
3.00
1.00
12.00
49.00
117.00
191.00
2.00
72.00
215.00
6.00
6.00
3.00
40.00
103.00
9.00
21.00
5.00
130.00
2.00
2.00
12.00
33.00
7.00
40.00
2.00
2.00
60.00
43.00
29.00
5.00
5.00
12.00
18.00
6.00
4.00
17.00
2.00
4.00
1.00
8.00
5.00
39.00
251.00
250.00
74.00
25.00
10.00
23.00
12.00
26.00
52.00
12.00
8.00
25.00
68.00
1.00
41.00
24.00
1.00
4.00
4.00
3.00
10.00
10.00
28.00
29.00
10.00
24.00
9.00
14.00
21.00
7.00
1.00
20.00
14.00
1.00
29.00
5.00
8.00
28.00
22.00
14.00
44.00
55.00
70.00
63.00
283.00
136.00
19.00
19.00
3.00
3.00
17.00
7.00
3.00
1.00
22.00
17.00
17.00
12.00
1.00
13.00
29.00
3.00
2.00
2.00
2.00
10.00
26.00
18.00
46.00
44.00
14.00
5.00
2.00
18.00
15.00
1.00
2.00
1.00
5.00
8.00
33.00
2.00
18.00
6.00
1.00
3.00
1.00
11.00
4.00
17.00
17.00
2.00
11.00
24.00
37.00
36.00
102.00
25.00
34.00
366.00
8.00
1.00
39.00
8.00
17.00
1.00
45.00
22.00
31.00
48.00
20.00
13.00
2.00
13.00
24.00
3.00
2.00
4.00
2.00
5.00
19.00
6.00
2.00
1.00
26.00
39.00
6.00
17.00
3.00
5.00
29.00
6.00
4.00
12.00
2.00
2.00
14.00
3.00
133.00
9.00
8.00
2.00
68.00
23.00
90.00
71.00
52.00
1.00
144.00
157.00
61.00
29.00
39.00
1.00
9.00
33.00
1.00
1.00
14.00
9.00
28.00
16.00
1.00
13.00
2.00
9.00
1.00
5.00
8.00
9.00
6.00
5.00
1.00
30.00
1.00
4.00
7.00
11.00
8.00
1.00
1.00
2.00
4.00
36.00
21.00
1.00
1.00
20.00
1.00
3.00
21.00
4.00
3.00
13.00
3.00
1.00
90.00
57.00
126.00
1.00
2.00
167.00
159.00
5.00
1.00
45.00
15.00
6.00
46.00
46.00
8.00
10.00
22.00
21.00
1.00
12.00
10.00
9.00
27.00
25.00
2.00
70.00
2.00
32.00
9.00
7.00
1.00
1.00
1.00
1.00
6.00
6.00
2.00
5.00
2.00
2.00
39.00
5.00
10.00
62.00
16.00
8.00
27.00
12.00
34.00
2.00
11.00
40.00
1.00
12.00
25.00
14.00
12.00
453.00
17.00
16.00
23.00
15.00
31.00
4.00
57.00
51.00
2.00
1.00
29.00
2.00
2.00
16.00
51.00
9.00
11.00
12.00
35.00
46.00
42.00
2.00
27.00
28.00
12.00
1.00
34.00
21.00
7.00
1.00
15.00
11.00
31.00
8.00
1.00
19.00
16.00
6.00
20.00
12.00
107.00
227.00
200.00
80.00
59.00
1.00
27.00
15.00
28.00
9.00
123.00
1.00
45.00
1.00
1.00
9.00
4.00
1.00
46.00
6.00
15.00
11.00
23.00
11.00
1.00
2.00
9.00
5.00
4.00
10.00
4.00
6.00
13.00
3.00
2.00
2.00
1.00
11.00
2.00
19.00
6.00
19.00
2.00
19.00
69.00
1.00
1.00
3.00
62.00
1.00
26.00
444.00
8.00
3.00
3.00
7.00
9.00
7.00
33.00
3.00
10.00
7.00
1.00
23.00
7.00
24.00
6.00
1.00
2.00
31.00
1.00
8.00
17.00
52.00
7.00
4.00
22.00
10.00
8.00
8.00
4.00
8.00
2.00
9.00
4.00
11.00
3.00
6.00
1.00
5.00
1.00
11.00
16.00
7.00
2.00
2.00
2.00
9.00
1.00
43.00
26.00
3.00
1.00
5.00
73.00
21.00
40.00
13.00
3.00
30.00
314.00
1.00
13.00
40.00
1.00
61.00
1.00
19.00
64.00
31.00
6.00
21.00
2.00
5.00
69.00
24.00
7.00
11.00
5.00
23.00
3.00
11.00
17.00
16.00
1.00
74.00
3.00
1.00
4.00
5.00
33.00
16.00
12.00
12.00
2.00
20.00
12.00
2.00
39.00
9.00
28.00
10.00
33.00
31.00
1.00
22.00
21.00
36.00
74.00
1.00
21.00
21.00
262.00
2.00
1.00
2.00
74.00
67.00
13.00
51.00
34.00
9.00
58.00
6.00
19.00
7.00
1.00
38.00
1.00
36.00
4.00
17.00
1.00
24.00
2.00
63.00
19.00
9.00
1.00
13.00
2.00
2.00
47.00
12.00
25.00
5.00
13.00
3.00
4.00
35.00
46.00
10.00
80.00
1.00
14.00
15.00
13.00
126.00
134.00
1.00
113.00
20.00
62.00
12.00
6.00
1.00
4.00
3.00
1.00
7.00
2.00
3.00
30.00
14.00
10.00
30.00
1.00
11.00
2.00
1.00
1.00
80.00
50.00
7.00
13.00
2.00
6.00
6.00
5.00
1.00
34.00
9.00
13.00
10.00
8.00
9.00
20.00
17.00
15.00
8.00
27.00
4.00
1.00
1.00
5.00
67.00
24.00
18.00
64.00
1.00
208.00
1.00
1.00
318.00
2.00
1.00
13.00
2.00
103.00
9.00
7.00
13.00
2.00
48.00
6.00
3.00
30.00
20.00
1.00
7.00
9.00
7.00
2.00
1.00
