54.00
72.00
2.00
6.00
56.00
1.00
103.00
10.00
33.00
39.00
4.00
799.00
40.00
2.00
9.00
1.00
8.00
24.00
32.00
5.00
3.00
13.00
12.00
2.00
229.00
9.00
18.00
13.00
41.00
806.00
76.00
12.00
13.00
59.00
31.00
4.00
7.00
63.00
15.00
5.00
47.00
41.00
8.00
1.00
17.00
69.00
4.00
876.00
2.00
10.00
30.00
37.00
24.00
18.00
12.00
2.00
5.00
3.00
55.00
73.00
31.00
17.00
4.00
76.00
892.00
6.00
52.00
1.00
5.00
28.00
7.00
9.00
15.00
14.00
43.00
7.00
1.00
3.00
123.00
62.00
44.00
14.00
5.00
8.00
15.00
16.00
1.00
22.00
2.00
1.00
47.00
73.00
713.00
89.00
16.00
65.00
1.00
5.00
26.00
4.00
26.00
14.00
15.00
54.00
40.00
1.00
51.00
18.00
10.00
25.00
13.00
55.00
9.00
10.00
643.00
138.00
26.00
12.00
38.00
208.00
6.00
2.00
3.00
27.00
1.00
40.00
149.00
28.00
1.00
892.00
2.00
20.00
52.00
4.00
64.00
7.00
53.00
40.00
67.00
60.00
53.00
28.00
1.00
5.00
67.00
2.00
29.00
26.00
20.00
831.00
2.00
13.00
76.00
16.00
19.00
1.00
19.00
31.00
1.00
1.00
15.00
1.00
79.00
1.00
28.00
55.00
1.00
18.00
30.00
27.00
1.00
63.00
22.00
141.00
540.00
23.00
111.00
26.00
2.00
10.00
7.00
1.00
14.00
41.00
72.00
6.00
2.00
1.00
16.00
14.00
11.00
10.00
32.00
14.00
36.00
1.00
1.00
2.00
76.00
19.00
3.00
4.00
1.00
1.00
1.00
46.00
1.00
22.00
72.00
13.00
2.00
66.00
562.00
312.00
5.00
136.00
29.00
8.00
36.00
21.00
181.00
9.00
766.00
120.00
72.00
5.00
148.00
5.00
4.00
1.00
79.00
46.00
2.00
1.00
865.00
13.00
51.00
57.00
1.00
5.00
3.00
2.00
45.00
44.00
3.00
64.00
2.00
20.00
66.00
18.00
46.00
3.00
23.00
9.00
1.00
25.00
3.00
6.00
16.00
1.00
4.00
3.00
8.00
767.00
127.00
73.00
8.00
12.00
89.00
1.00
38.00
6.00
1.00
9.00
20.00
171.00
34.00
28.00
4.00
896.00
1.00
14.00
47.00
22.00
23.00
3.00
1.00
7.00
137.00
61.00
43.00
1.00
61.00
3.00
6.00
14.00
83.00
3.00
857.00
16.00
40.00
13.00
2.00
30.00
125.00
15.00
47.00
52.00
4.00
3.00
29.00
2.00
1.00
4.00
61.00
967.00
10.00
51.00
11.00
112.00
5.00
8.00
1.00
21.00
25.00
3.00
48.00
27.00
34.00
2.00
8.00
43.00
29.00
1.00
23.00
121.00
824.00
18.00
2.00
1.00
61.00
2.00
12.00
6.00
5.00
1.00
23.00
16.00
4.00
27.00
1.00
1.00
11.00
44.00
1.00
18.00
7.00
7.00
1.00
40.00
10.00
15.00
81.00
2.00
24.00
5.00
833.00
1.00
3.00
112.00
198.00
4.00
7.00
7.00
36.00
23.00
15.00
5.00
18.00
790.00
50.00
1.00
55.00
1.00
2.00
41.00
154.00
16.00
140.00
16.00
117.00
3.00
1.00
1.00
1.00
10.00
15.00
40.00
1.00
101.00
832.00
47.00
38.00
11.00
117.00
11.00
5.00
9.00
69.00
2.00
11.00
8.00
13.00
16.00
2.00
3.00
1.00
34.00
134.00
658.00
171.00
2.00
17.00
205.00
4.00
12.00
1.00
39.00
77.00
166.00
799.00
4.00
10.00
14.00
10.00
10.00
20.00
6.00
3.00
9.00
4.00
1.00
65.00
1.00
26.00
18.00
12.00
14.00
61.00
39.00
121.00
756.00
76.00
25.00
31.00
115.00
30.00
12.00
10.00
7.00
8.00
10.00
1.00
17.00
4.00
212.00
1.00
17.00
711.00
100.00
25.00
1.00
11.00
19.00
10.00
15.00
4.00
4.00
8.00
130.00
24.00
3.00
10.00
24.00
53.00
33.00
44.00
17.00
5.00
5.00
83.00
769.00
31.00
28.00
17.00
2.00
11.00
56.00
2.00
4.00
2.00
3.00
15.00
41.00
2.00
1.00
23.00
67.00
5.00
90.00
6.00
2.00
6.00
2.00
52.00
3.00
81.00
4.00
51.00
26.00
740.00
2.00
18.00
7.00
71.00
3.00
198.00
5.00
5.00
37.00
26.00
50.00
62.00
4.00
16.00
117.00
8.00
628.00
11.00
100.00
2.00
4.00
11.00
12.00
20.00
1.00
1.00
121.00
9.00
24.00
2.00
6.00
1.00
35.00
23.00
1.00
20.00
33.00
10.00
20.00
27.00
99.00
89.00
739.00
6.00
99.00
4.00
7.00
3.00
21.00
1.00
10.00
76.00
17.00
15.00
8.00
2.00
20.00
1.00
1.00
7.00
10.00
14.00
6.00
54.00
14.00
34.00
148.00
656.00
1.00
190.00
4.00
5.00
7.00
7.00
1.00
17.00
3.00
9.00
5.00
14.00
2.00
1.00
4.00
42.00
35.00
6.00
36.00
60.00
21.00
4.00
1.00
61.00
64.00
773.00
42.00
4.00
16.00
9.00
46.00
1.00
3.00
12.00
2.00
19.00
41.00
