50.00
78.00
1117.00
2.00
91.00
104.00
8.00
5.00
18.00
199.00
971.00
119.00
2.00
74.00
74.00
6.00
35.00
4.00
1218.00
138.00
15.00
7.00
73.00
207.00
840.00
27.00
15.00
151.00
106.00
4.00
12.00
1.00
161.00
1355.00
16.00
6.00
984.00
80.00
176.00
79.00
10.00
3.00
65.00
1134.00
141.00
31.00
77.00
199.00
3.00
835.00
97.00
41.00
70.00
3.00
170.00
5.00
58.00
5.00
6.00
4.00
35.00
16.00
16.00
23.00
21.00
908.00
26.00
1.00
1.00
1.00
15.00
144.00
5.00
105.00
37.00
4.00
1.00
92.00
90.00
1001.00
71.00
83.00
2.00
36.00
28.00
10.00
54.00
8.00
1133.00
1.00
6.00
64.00
1.00
2.00
192.00
16.00
1304.00
11.00
28.00
916.00
99.00
113.00
5.00
97.00
1.00
54.00
2.00
5.00
46.00
15.00
117.00
33.00
1.00
8.00
958.00
119.00
60.00
71.00
1.00
13.00
43.00
2.00
97.00
1.00
25.00
1.00
878.00
13.00
107.00
34.00
65.00
59.00
238.00
61.00
3.00
105.00
828.00
25.00
37.00
323.00
7.00
24.00
2.00
6.00
968.00
30.00
152.00
105.00
19.00
49.00
2.00
2.00
10.00
218.00
9.00
1054.00
61.00
123.00
103.00
839.00
111.00
30.00
129.00
92.00
300.00
859.00
102.00
31.00
6.00
2.00
2.00
2.00
69.00
7.00
244.00
56.00
70.00
162.00
734.00
79.00
14.00
4.00
1.00
14.00
27.00
9.00
40.00
37.00
8.00
2.00
2.00
118.00
8.00
345.00
702.00
53.00
92.00
68.00
7.00
41.00
101.00
2.00
3.00
181.00
5.00
756.00
171.00
174.00
7.00
72.00
55.00
926.00
295.00
13.00
291.00
130.00
754.00
10.00
98.00
221.00
1.00
243.00
807.00
158.00
60.00
28.00
279.00
2.00
2.00
3.00
4.00
916.00
147.00
40.00
115.00
111.00
97.00
137.00
976.00
1.00
257.00
28.00
1092.00
169.00
2.00
166.00
1034.00
27.00
77.00
31.00
28.00
29.00
21.00
