29
36
23
5
3
0
0
5
5
11
39
56
71
12
16
14
12
4
0
0
2
28
27
28
54
38
36
25
3
0
0
0
8
19
10
15
78
20
39
19
14
4
0
7
9
26
24
41
45
32
25
14
12
5
0
0
20
7
12
17
2
44
15
11
7
0
0
0
0
32
14
21
52
25
17
7
11
2
0
1
7
5
39
9
63
21
58
13
4
3
0
10
8
29
42
23
6
63
76
19
1
8
8
0
5
23
66
28
41
42
32
41
0
1
0
0
8
13
8
31
19
60
14
2
2
0
1
6
12
6
16
52
31
31
18
14
1
7
0
4
16
10
32
16
54
37
20
9
1
0
1
7
21
28
62
51
52
47
3
15
8
9
0
4
26
21
29
41
49
33
16
10
2
0
0
5
30
35
19
28
14
54
22
1
0
8
0
0
28
34
21
21
24
41
14
23
1
10
0
0
15
31
14
24
61
20
39
4
2
3
5
0
10
16
4
31
28
31
42
3
0
5
0
7
15
15
29
90
22
21
10
8
2
0
0
1
34
33
34
19
68
49
30
13
5
2
0
0
15
10
35
76
26
36
1
22
8
9
7
1
1
12
44
64
53
55
58
13
2
9
1
0
22
20
13
20
56
44
10
11
14
0
0
0
24
12
25
13
9
20
36
19
2
0
1
0
9
33
30
9
30
32
54
17
29
0
0
0
22
34
38
20
48
56
29
15
6
0
0
12
11
31
37
48
37
28
28
23
4
6
0
7
11
20
26
25
35
43
31
4
29
3
2
4
10
33
24
20
42
51
23
8
4
6
0
0
7
32
30
52
