8.00
88.00
8.00
6.00
34.00
4.00
31.00
19.00
1.00
13.00
45.00
10.00
16.00
1.00
18.00
210.00
24.00
175.00
26.00
68.00
9.00
60.00
18.00
45.00
8.00
10.00
72.00
122.00
1.00
2.00
20.00
65.00
16.00
1.00
5.00
42.00
13.00
57.00
23.00
13.00
33.00
4.00
13.00
47.00
8.00
62.00
2.00
25.00
194.00
3.00
39.00
238.00
1.00
54.00
21.00
139.00
81.00
55.00
2.00
19.00
9.00
68.00
100.00
1.00
7.00
11.00
55.00
1.00
3.00
1.00
60.00
13.00
30.00
28.00
11.00
1.00
1.00
24.00
1.00
4.00
4.00
10.00
3.00
3.00
11.00
48.00
6.00
2.00
40.00
21.00
120.00
35.00
461.00
115.00
5.00
174.00
64.00
27.00
1.00
1.00
9.00
1.00
2.00
1.00
1.00
5.00
13.00
1.00
12.00
14.00
56.00
34.00
2.00
1.00
21.00
3.00
14.00
1.00
47.00
1.00
9.00
22.00
159.00
1.00
83.00
78.00
90.00
167.00
49.00
28.00
3.00
22.00
99.00
24.00
9.00
20.00
13.00
22.00
37.00
2.00
6.00
1.00
2.00
11.00
2.00
6.00
77.00
5.00
1.00
1.00
30.00
12.00
2.00
8.00
16.00
87.00
3.00
54.00
209.00
188.00
138.00
112.00
5.00
75.00
1.00
1.00
50.00
148.00
106.00
50.00
140.00
1.00
7.00
3.00
67.00
13.00
82.00
51.00
173.00
6.00
453.00
115.00
75.00
29.00
100.00
23.00
3.00
67.00
59.00
13.00
7.00
116.00
89.00
286.00
65.00
67.00
100.00
3.00
127.00
2.00
10.00
21.00
25.00
79.00
59.00
1.00
24.00
5.00
1.00
63.00
27.00
11.00
22.00
24.00
21.00
16.00
1.00
34.00
8.00
101.00
22.00
20.00
17.00
5.00
1.00
4.00
11.00
21.00
5.00
176.00
61.00
55.00
1.00
1.00
63.00
99.00
2.00
263.00
35.00
7.00
55.00
2.00
16.00
24.00
4.00
3.00
48.00
7.00
20.00
143.00
50.00
7.00
15.00
4.00
13.00
1.00
7.00
6.00
5.00
12.00
4.00
70.00
138.00
72.00
15.00
34.00
1.00
75.00
6.00
294.00
3.00
1.00
28.00
2.00
90.00
2.00
1.00
3.00
7.00
14.00
9.00
4.00
2.00
1.00
9.00
36.00
1.00
8.00
55.00
9.00
1.00
1.00
1.00
16.00
40.00
31.00
5.00
10.00
1.00
8.00
1.00
26.00
59.00
27.00
4.00
8.00
1.00
9.00
2.00
2.00
5.00
23.00
25.00
2.00
309.00
66.00
255.00
6.00
70.00
101.00
5.00
2.00
64.00
8.00
32.00
64.00
45.00
34.00
17.00
5.00
8.00
6.00
3.00
2.00
5.00
1.00
10.00
26.00
1.00
3.00
1.00
40.00
17.00
34.00
263.00
220.00
106.00
18.00
124.00
92.00
1.00
34.00
5.00
103.00
6.00
6.00
24.00
1.00
2.00
4.00
2.00
8.00
20.00
9.00
1.00
1.00
2.00
19.00
101.00
51.00
9.00
4.00
1.00
3.00
14.00
1.00
29.00
1.00
1.00
2.00
15.00
28.00
20.00
10.00
15.00
247.00
1.00
125.00
1.00
12.00
178.00
30.00
5.00
3.00
18.00
2.00
2.00
37.00
1.00
4.00
13.00
43.00
28.00
7.00
5.00
90.00
1.00
10.00
9.00
46.00
42.00
36.00
2.00
2.00
16.00
3.00
14.00
58.00
2.00
5.00
47.00
29.00
81.00
10.00
50.00
4.00
89.00
63.00
162.00
59.00
88.00
133.00
2.00
3.00
2.00
2.00
38.00
1.00
18.00
6.00
109.00
1.00
1.00
1.00
14.00
63.00
3.00
2.00
43.00
1.00
13.00
16.00
3.00
9.00
31.00
1.00
1.00
65.00
6.00
29.00
123.00
124.00
132.00
1.00
195.00
118.00
2.00
23.00
40.00
139.00
6.00
30.00
31.00
1.00
11.00
5.00
1.00
24.00
1.00
19.00
14.00
12.00
2.00
3.00
2.00
4.00
3.00
36.00
44.00
2.00
27.00
1.00
44.00
45.00
5.00
1.00
83.00
45.00
33.00
92.00
156.00
2.00
122.00
251.00
1.00
20.00
22.00
4.00
22.00
3.00
4.00
2.00
41.00
27.00
6.00
2.00
9.00
3.00
5.00
2.00
6.00
3.00
47.00
4.00
30.00
5.00
53.00
8.00
18.00
23.00
34.00
38.00
66.00
6.00
1.00
13.00
23.00
2.00
8.00
7.00
43.00
2.00
19.00
5.00
1.00
3.00
369.00
292.00
69.00
47.00
22.00
7.00
1.00
15.00
7.00
49.00
70.00
68.00
36.00
44.00
28.00
59.00
1.00
22.00
1.00
1.00
168.00
58.00
19.00
14.00
2.00
8.00
143.00
74.00
3.00
3.00
94.00
161.00
81.00
10.00
74.00
2.00
10.00
5.00
22.00
47.00
63.00
26.00
1.00
53.00
14.00
1.00
18.00
4.00
16.00
4.00
9.00
55.00
15.00
4.00
63.00
2.00
80.00
8.00
10.00
13.00
46.00
307.00
5.00
1.00
2.00
61.00
84.00
2.00
84.00
44.00
6.00
1.00
5.00
141.00
11.00
128.00
47.00
3.00
40.00
2.00
3.00
1.00
1.00
1.00
50.00
65.00
99.00
53.00
2.00
10.00
2.00
5.00
2.00
7.00
8.00
44.00
500.00
4.00
30.00
39.00
22.00
12.00
30.00
1.00
2.00
22.00
52.00
21.00
135.00
18.00
25.00
1.00
4.00
17.00
1.00
2.00
8.00
11.00
33.00
100.00
20.00
6.00
76.00
3.00
1.00
42.00
32.00
19.00
1.00
150.00
217.00
264.00
65.00
9.00
23.00
3.00
1.00
41.00
49.00
35.00
1.00
35.00
22.00
22.00
4.00
8.00
4.00
1.00
34.00
6.00
6.00
8.00
3.00
1.00
19.00
1.00
19.00
2.00
7.00
4.00
4.00
1.00
32.00
29.00
3.00
1.00
19.00
1.00
82.00
24.00
21.00
25.00
106.00
23.00
119.00
243.00
37.00
7.00
1.00
27.00
1.00
33.00
2.00
7.00
8.00
30.00
25.00
83.00
18.00
1.00
10.00
3.00
4.00
39.00
9.00
5.00
4.00
2.00
18.00
1.00
4.00
25.00
10.00
43.00
21.00
2.00
1.00
11.00
17.00
4.00
28.00
8.00
2.00
1.00
19.00
6.00
91.00
12.00
11.00
4.00
18.00
42.00
20.00
1.00
89.00
2.00
122.00
1.00
12.00
37.00
127.00
116.00
18.00
53.00
3.00
61.00
2.00
106.00
23.00
23.00
1.00
15.00
3.00
2.00
35.00
27.00
7.00
4.00
27.00
4.00
3.00
62.00
34.00
2.00
29.00
1.00
3.00
3.00
113.00
4.00
13.00
40.00
134.00
1.00
1.00
1.00
43.00
120.00
132.00
11.00
16.00
1.00
5.00
41.00
3.00
1.00
30.00
89.00
1.00
70.00
62.00
28.00
93.00
10.00
25.00
20.00
7.00
23.00
2.00
53.00
4.00
17.00
37.00
3.00
118.00
44.00
59.00
247.00
2.00
92.00
72.00
8.00
18.00
8.00
17.00
16.00
13.00
1.00
18.00
30.00
32.00
1.00
2.00
109.00
3.00
1.00
5.00
1.00
24.00
21.00
127.00
100.00
53.00
1.00
43.00
28.00
8.00
62.00
13.00
18.00
20.00
146.00
107.00
2.00
94.00
4.00
2.00
354.00
6.00
27.00
18.00
23.00
27.00
13.00
6.00
79.00
81.00
1.00
1.00
72.00
34.00
14.00
2.00
14.00
2.00
22.00
4.00
14.00
1.00
2.00
2.00
19.00
2.00
9.00
1.00
1.00
44.00
199.00
5.00
192.00
3.00
27.00
63.00
2.00
1.00
143.00
5.00
2.00
3.00
1.00
2.00
1.00
11.00
6.00
36.00
12.00
8.00
5.00
1.00
19.00
13.00
30.00
13.00
33.00
16.00
2.00
68.00
2.00
2.00
5.00
13.00
19.00
14.00
4.00
8.00
9.00
8.00
8.00
11.00
10.00
51.00
2.00
1.00
7.00
77.00
4.00
6.00
22.00
1.00
169.00
2.00
314.00
12.00
18.00
193.00
24.00
6.00
28.00
111.00
9.00
8.00
9.00
5.00
15.00
13.00
14.00
25.00
6.00
4.00
82.00
41.00
13.00
12.00
12.00
2.00
1.00
2.00
19.00
95.00
1.00
47.00
2.00
33.00
5.00
56.00
498.00
1.00
73.00
13.00
2.00
178.00
25.00
147.00
10.00
25.00
2.00
42.00
8.00
3.00
1.00
14.00
5.00
22.00
64.00
30.00
1.00
9.00
1.00
6.00
1.00
89.00
126.00
145.00
32.00
86.00
20.00
85.00
1.00
107.00
4.00
1.00
2.00
9.00
1.00
2.00
1.00
56.00
2.00
79.00
138.00
1.00
15.00
7.00
6.00
1.00
1.00
1.00
3.00
1.00
1.00
21.00
9.00
6.00
19.00
9.00
26.00
7.00
3.00
28.00
3.00
14.00
1.00
21.00
34.00
2.00
1.00
15.00
29.00
29.00
2.00
10.00
7.00
20.00
280.00
97.00
4.00
37.00
1.00
1.00
205.00
1.00
92.00
21.00
28.00
50.00
6.00
75.00
10.00
12.00
28.00
6.00
