147.00
1.00
1.00
174.00
937.00
10.00
5.00
3.00
3.00
10.00
1.00
59.00
5.00
7.00
2.00
3.00
270.00
50.00
851.00
78.00
14.00
14.00
59.00
37.00
2.00
12.00
65.00
32.00
109.00
10.00
1.00
3.00
996.00
1.00
36.00
47.00
1.00
25.00
51.00
71.00
146.00
987.00
8.00
54.00
36.00
10.00
11.00
2.00
2.00
3.00
84.00
16.00
5.00
5.00
244.00
27.00
50.00
869.00
111.00
66.00
4.00
46.00
273.00
122.00
1.00
656.00
135.00
38.00
38.00
1.00
210.00
1253.00
408.00
761.00
236.00
93.00
17.00
107.00
345.00
705.00
3.00
196.00
133.00
15.00
1.00
166.00
88.00
850.00
1723.00
12.00
172.00
3.00
5.00
1.00
143.00
882.00
51.00
58.00
3.00
62.00
122.00
126.00
147.00
33.00
787.00
203.00
113.00
4.00
49.00
4.00
58.00
1143.00
19.00
103.00
8.00
348.00
109.00
868.00
75.00
33.00
128.00
131.00
3.00
1089.00
266.00
6.00
85.00
6.00
1246.00
27.00
19.00
1.00
7.00
49.00
86.00
9.00
1044.00
2.00
4.00
115.00
219.00
47.00
27.00
837.00
48.00
54.00
51.00
462.00
3.00
1.00
3.00
3.00
84.00
935.00
3.00
49.00
277.00
12.00
48.00
1053.00
2.00
18.00
208.00
9.00
17.00
297.00
807.00
13.00
72.00
9.00
4.00
9.00
7.00
5.00
5.00
4.00
69.00
2.00
1.00
8.00
1077.00
19.00
54.00
25.00
33.00
161.00
15.00
2.00
16.00
23.00
2.00
15.00
3.00
10.00
2.00
1.00
18.00
8.00
242.00
714.00
99.00
28.00
43.00
21.00
5.00
9.00
3.00
164.00
9.00
17.00
11.00
1078.00
32.00
1.00
29.00
108.00
9.00
5.00
21.00
47.00
119.00
100.00
983.00
2.00
2.00
19.00
9.00
285.00
3.00
12.00
126.00
845.00
5.00
102.00
16.00
15.00
34.00
2.00
167.00
19.00
2.00
78.00
1066.00
11.00
113.00
10.00
3.00
41.00
104.00
21.00
8.00
40.00
10.00
3.00
28.00
628.00
322.00
2.00
213.00
8.00
50.00
9.00
28.00
215.00
6.00
962.00
87.00
