30
2
4
1
0
0
0
2
0
43
31
11
0
27
0
0
0
0
0
0
4
22
29
19
31
6
0
0
0
0
2
0
0
34
25
5
19
0
0
0
0
0
0
0
15
46
33
32
0
13
4
0
0
0
1
6
0
14
15
22
2
7
21
1
2
0
0
4
12
18
1
15
0
4
0
0
0
0
0
0
1
20
10
0
1
20
1
0
0
0
0
7
0
5
21
7
1
20
12
3
0
0
0
13
4
7
22
12
2
29
8
0
0
5
2
3
7
0
1
2
11
0
5
0
1
0
0
4
4
4
0
46
2
7
3
1
0
0
0
1
7
48
10
13
10
22
0
0
0
2
0
0
9
15
14
40
0
6
0
0
1
0
0
4
3
10
29
4
9
15
7
3
0
0
0
1
3
22
3
5
14
2
0
0
0
0
0
0
2
19
5
27
34
11
3
4
0
0
1
2
0
5
17
35
15
0
11
0
0
0
0
5
1
21
0
0
23
3
2
0
0
0
0
3
14
5
7
1
23
15
0
0
1
0
1
7
1
3
23
8
26
30
4
0
1
0
0
1
5
6
4
3
17
0
16
0
0
0
2
3
0
20
28
29
4
1
1
0
0
0
0
3
15
15
12
55
11
0
23
1
0
0
0
9
18
32
15
50
8
13
4
0
0
0
0
1
31
26
24
22
13
0
8
1
0
0
0
0
7
36
1
6
21
18
0
0
0
0
0
2
5
34
1
22
13
6
7
0
0
1
0
4
15
8
17
11
42
7
2
0
3
0
0
0
10
4
29
26
11
24
1
0
0
0
1
9
0
24
3
