5.00
19.00
3.00
7.00
75.00
7.00
1.00
1.00
4.00
58.00
6.00
2.00
84.00
9.00
30.00
37.00
25.00
546.00
68.00
40.00
9.00
4.00
19.00
9.00
33.00
3.00
11.00
1.00
16.00
2.00
6.00
4.00
1.00
11.00
30.00
5.00
4.00
10.00
1.00
48.00
55.00
39.00
79.00
10.00
17.00
11.00
5.00
35.00
54.00
89.00
457.00
142.00
1.00
1.00
1.00
1.00
45.00
11.00
1.00
28.00
1.00
20.00
10.00
10.00
16.00
33.00
4.00
15.00
2.00
2.00
3.00
2.00
5.00
1.00
63.00
3.00
5.00
6.00
1.00
43.00
2.00
20.00
3.00
4.00
2.00
3.00
4.00
1.00
18.00
2.00
68.00
6.00
58.00
2.00
3.00
41.00
21.00
41.00
54.00
3.00
586.00
4.00
16.00
7.00
13.00
2.00
16.00
18.00
21.00
13.00
9.00
2.00
1.00
5.00
23.00
28.00
76.00
16.00
1.00
13.00
1.00
17.00
6.00
62.00
3.00
9.00
3.00
52.00
40.00
12.00
2.00
74.00
672.00
19.00
6.00
1.00
17.00
4.00
11.00
7.00
5.00
25.00
6.00
5.00
1.00
14.00
42.00
2.00
1.00
2.00
2.00
35.00
2.00
28.00
40.00
29.00
11.00
12.00
12.00
31.00
12.00
6.00
10.00
12.00
16.00
10.00
47.00
52.00
1.00
1.00
2.00
348.00
100.00
69.00
12.00
2.00
33.00
14.00
5.00
2.00
22.00
7.00
141.00
1.00
12.00
7.00
59.00
1.00
21.00
24.00
14.00
1.00
7.00
21.00
65.00
17.00
25.00
1.00
10.00
1.00
11.00
1.00
17.00
7.00
7.00
1.00
2.00
1.00
1.00
44.00
7.00
5.00
1.00
1.00
27.00
45.00
1.00
47.00
37.00
38.00
417.00
1.00
6.00
7.00
12.00
21.00
1.00
7.00
6.00
52.00
25.00
2.00
7.00
34.00
19.00
25.00
37.00
119.00
10.00
8.00
4.00
16.00
99.00
6.00
36.00
49.00
28.00
24.00
43.00
16.00
7.00
50.00
190.00
95.00
6.00
24.00
2.00
1.00
223.00
176.00
1.00
17.00
23.00
16.00
3.00
8.00
42.00
7.00
33.00
1.00
1.00
1.00
40.00
66.00
1.00
22.00
23.00
33.00
14.00
29.00
5.00
6.00
53.00
9.00
32.00
26.00
16.00
2.00
67.00
1.00
8.00
24.00
25.00
9.00
413.00
36.00
22.00
23.00
25.00
1.00
148.00
4.00
8.00
1.00
48.00
12.00
13.00
17.00
18.00
29.00
2.00
4.00
4.00
2.00
18.00
35.00
10.00
4.00
14.00
1.00
38.00
15.00
31.00
3.00
22.00
3.00
9.00
8.00
32.00
7.00
22.00
26.00
109.00
26.00
2.00
29.00
382.00
37.00
39.00
3.00
1.00
1.00
6.00
9.00
41.00
3.00
1.00
6.00
33.00
24.00
2.00
3.00
3.00
10.00
49.00
10.00
3.00
1.00
3.00
15.00
2.00
14.00
17.00
13.00
10.00
10.00
9.00
18.00
10.00
9.00
33.00
6.00
76.00
18.00
1.00
1.00
6.00
5.00
31.00
3.00
6.00
17.00
3.00
26.00
39.00
12.00
62.00
9.00
7.00
87.00
143.00
196.00
2.00
45.00
12.00
35.00
6.00
1.00
1.00
14.00
32.00
176.00
16.00
27.00
4.00
3.00
132.00
26.00
5.00
6.00
58.00
168.00
7.00
9.00
72.00
494.00
1.00
20.00
96.00
1.00
22.00
30.00
7.00
84.00
4.00
6.00
58.00
11.00
5.00
62.00
74.00
3.00
6.00
2.00
4.00
4.00
76.00
43.00
4.00
3.00
69.00
17.00
30.00
37.00
32.00
144.00
432.00
2.00
26.00
10.00
35.00
9.00
6.00
6.00
32.00
5.00
13.00
29.00
6.00
1.00
4.00
14.00
10.00
21.00
4.00
3.00
7.00
45.00
6.00
11.00
15.00
62.00
3.00
15.00
36.00
19.00
3.00
23.00
2.00
6.00
1.00
1.00
10.00
3.00
1.00
4.00
4.00
32.00
53.00
11.00
1.00
68.00
264.00
217.00
67.00
12.00
1.00
18.00
3.00
16.00
1.00
51.00
20.00
26.00
10.00
26.00
4.00
12.00
10.00
12.00
20.00
38.00
1.00
2.00
12.00
18.00
2.00
4.00
6.00
1.00
7.00
23.00
1.00
91.00
62.00
9.00
8.00
52.00
1.00
76.00
37.00
103.00
2.00
147.00
260.00
53.00
3.00
104.00
3.00
1.00
1.00
13.00
70.00
15.00
21.00
3.00
18.00
19.00
9.00
1.00
2.00
2.00
11.00
43.00
71.00
1.00
1.00
51.00
9.00
33.00
58.00
1.00
3.00
15.00
27.00
56.00
1.00
133.00
413.00
121.00
2.00
3.00
2.00
7.00
27.00
10.00
16.00
16.00
11.00
13.00
10.00
1.00
21.00
14.00
5.00
25.00
9.00
3.00
28.00
1.00
47.00
62.00
11.00
29.00
24.00
42.00
4.00
4.00
31.00
2.00
1.00
71.00
12.00
2.00
78.00
18.00
552.00
25.00
81.00
6.00
37.00
3.00
10.00
25.00
66.00
6.00
1.00
11.00
32.00
3.00
43.00
13.00
55.00
5.00
36.00
15.00
6.00
3.00
77.00
5.00
33.00
9.00
11.00
12.00
15.00
5.00
17.00
4.00
4.00
2.00
21.00
46.00
15.00
21.00
8.00
99.00
225.00
142.00
2.00
80.00
14.00
3.00
104.00
1.00
6.00
23.00
19.00
1.00
55.00
4.00
1.00
3.00
48.00
12.00
4.00
13.00
6.00
8.00
23.00
10.00
7.00
11.00
10.00
1.00
3.00
10.00
44.00
6.00
4.00
8.00
10.00
36.00
6.00
13.00
2.00
19.00
58.00
68.00
86.00
10.00
2.00
1.00
423.00
197.00
35.00
2.00
2.00
11.00
62.00
37.00
181.00
15.00
5.00
8.00
8.00
1.00
32.00
26.00
15.00
6.00
5.00
8.00
106.00
3.00
21.00
15.00
11.00
23.00
127.00
340.00
100.00
9.00
6.00
16.00
15.00
54.00
40.00
6.00
66.00
38.00
26.00
4.00
12.00
25.00
1.00
68.00
23.00
2.00
1.00
11.00
1.00
31.00
74.00
1.00
3.00
3.00
1.00
3.00
1.00
3.00
10.00
45.00
7.00
27.00
40.00
27.00
28.00
265.00
56.00
219.00
16.00
60.00
30.00
40.00
3.00
52.00
9.00
13.00
7.00
32.00
9.00
20.00
13.00
22.00
1.00
10.00
70.00
11.00
4.00
6.00
32.00
26.00
4.00
5.00
9.00
8.00
11.00
4.00
15.00
2.00
3.00
4.00
36.00
114.00
15.00
2.00
3.00
2.00
64.00
1.00
40.00
39.00
99.00
268.00
47.00
1.00
12.00
15.00
5.00
6.00
7.00
14.00
41.00
1.00
13.00
1.00
15.00
4.00
47.00
1.00
17.00
12.00
2.00
72.00
93.00
2.00
7.00
15.00
12.00
2.00
8.00
28.00
6.00
63.00
7.00
21.00
54.00
41.00
37.00
1.00
8.00
357.00
46.00
32.00
27.00
132.00
13.00
8.00
6.00
32.00
14.00
70.00
20.00
1.00
9.00
14.00
8.00
7.00
13.00
2.00
4.00
9.00
6.00
5.00
2.00
65.00
1.00
1.00
6.00
1.00
27.00
18.00
12.00
4.00
3.00
1.00
55.00
38.00
1.00
21.00
24.00
7.00
39.00
10.00
2.00
5.00
105.00
91.00
398.00
97.00
3.00
2.00
22.00
20.00
12.00
6.00
31.00
19.00
5.00
9.00
31.00
19.00
21.00
36.00
6.00
8.00
25.00
5.00
1.00
10.00
2.00
7.00
3.00
13.00
1.00
18.00
5.00
34.00
26.00
11.00
1.00
7.00
123.00
16.00
1.00
25.00
120.00
328.00
98.00
1.00
18.00
20.00
5.00
66.00
1.00
21.00
72.00
22.00
6.00
17.00
2.00
5.00
15.00
3.00
3.00
6.00
2.00
1.00
9.00
74.00
40.00
7.00
15.00
3.00
14.00
1.00
1.00
23.00
1.00
17.00
13.00
9.00
32.00
11.00
20.00
1.00
1.00
14.00
5.00
55.00
26.00
16.00
484.00
47.00
24.00
30.00
4.00
15.00
47.00
2.00
9.00
42.00
3.00
2.00
16.00
2.00
17.00
6.00
15.00
10.00
1.00
2.00
36.00
3.00
3.00
11.00
1.00
42.00
91.00
6.00
1.00
4.00
16.00
33.00
9.00
1.00
1.00
9.00
8.00
7.00
14.00
36.00
11.00
8.00
15.00
50.00
4.00
36.00
10.00
22.00
23.00
40.00
32.00
557.00
27.00
1.00
17.00
23.00
2.00
16.00
5.00
2.00
52.00
21.00
141.00
40.00
5.00
3.00
5.00
16.00
1.00
23.00
1.00
36.00
1.00
47.00
11.00
2.00
23.00
79.00
10.00
2.00
3.00
14.00
20.00
218.00
4.00
323.00
11.00
34.00
3.00
7.00
4.00
15.00
3.00
35.00
9.00
4.00
3.00
18.00
4.00
31.00
4.00
18.00
43.00
32.00
18.00
1.00
11.00
1.00
7.00
26.00
22.00
1.00
2.00
11.00
32.00
7.00
20.00
1.00
23.00
98.00
5.00
20.00
50.00
2.00
3.00
24.00
13.00
535.00
18.00
89.00
8.00
6.00
61.00
31.00
20.00
11.00
2.00
34.00
1.00
27.00
5.00
13.00
2.00
11.00
1.00
6.00
24.00
1.00
6.00
3.00
4.00
1.00
2.00
13.00
6.00
42.00
7.00
14.00
15.00
1.00
70.00
17.00
54.00
1.00
83.00
247.00
1.00
112.00
130.00
1.00
15.00
47.00
1.00
40.00
33.00
26.00
40.00
4.00
18.00
3.00
16.00
6.00
18.00
4.00
14.00
5.00
42.00
31.00
4.00
1.00
24.00
5.00
16.00
31.00
1.00
18.00
5.00
1.00
1.00
1.00
45.00
2.00
7.00
58.00
6.00
44.00
24.00
27.00
418.00
1.00
3.00
64.00
108.00
49.00
3.00
15.00
8.00
1.00
5.00
45.00
3.00
10.00
3.00
19.00
39.00
