18
20
26
0
3
0
3
7
6
3
26
19
18
9
11
0
7
0
3
1
2
5
8
35
31
38
32
17
2
0
0
0
5
9
0
8
82
14
25
8
5
6
2
0
6
16
21
41
56
15
7
0
2
0
1
3
16
11
3
4
4
42
4
3
3
0
0
0
3
1
17
21
56
22
3
4
0
2
4
2
12
5
14
9
27
8
54
6
4
7
5
3
0
9
42
34
0
64
56
18
1
6
2
0
0
12
58
22
30
40
32
18
0
0
2
0
2
6
12
13
21
57
14
0
0
2
1
4
10
4
5
36
10
43
18
10
0
8
7
0
18
20
20
15
25
16
9
3
5
1
2
1
36
7
51
53
52
21
0
1
1
8
1
8
3
6
30
21
38
18
11
2
2
6
2
0
27
21
10
24
5
60
17
0
0
1
0
0
6
15
5
7
23
34
1
15
1
5
3
1
2
18
22
20
27
12
40
3
0
11
3
5
13
9
1
30
15
4
34
11
0
0
0
8
20
9
15
78
5
10
13
0
3
1
0
0
10
23
31
33
60
51
19
12
3
1
0
1
17
8
46
55
24
38
5
36
8
4
2
4
3
16
5
70
50
49
40
4
2
10
1
0
14
11
9
3
45
36
10
3
1
0
3
4
17
11
21
1
4
17
27
14
1
2
4
0
0
11
34
6
38
26
44
1
20
0
3
5
30
30
31
22
45
24
30
1
3
0
0
3
1
17
35
34
35
24
25
8
1
0
0
0
6
8
20
0
12
36
38
4
5
2
3
5
15
17
17
12
30
28
23
18
0
3
5
3
3
15
6
21
