1.00
2.00
11.00
4.00
4.00
8.00
12.00
5.00
1.00
4.00
1.00
1.00
1.00
3.00
3.00
6.00
6.00
1.00
3.00
4.00
3.00
13.00
5.00
5.00
7.00
1.00
7.00
2.00
16.00
1.00
1.00
2.00
7.00
11.00
6.00
5.00
1.00
6.00
1.00
9.00
5.00
1.00
1.00
3.00
3.00
9.00
3.00
1.00
19.00
2.00
1.00
2.00
1.00
11.00
5.00
1.00
4.00
1.00
9.00
1.00
3.00
1.00
2.00
1.00
5.00
9.00
2.00
1.00
3.00
2.00
1.00
1.00
5.00
2.00
2.00
1.00
1.00
1.00
5.00
5.00
3.00
1.00
1.00
1.00
3.00
19.00
1.00
1.00
3.00
1.00
6.00
1.00
6.00
8.00
1.00
1.00
5.00
1.00
9.00
1.00
1.00
12.00
12.00
3.00
2.00
3.00
1.00
1.00
5.00
4.00
7.00
1.00
1.00
3.00
12.00
8.00
1.00
5.00
4.00
6.00
1.00
2.00
3.00
1.00
2.00
1.00
2.00
3.00
6.00
1.00
2.00
3.00
4.00
1.00
2.00
1.00
4.00
1.00
2.00
6.00
14.00
1.00
1.00
9.00
3.00
5.00
4.00
2.00
4.00
3.00
2.00
2.00
2.00
6.00
4.00
5.00
1.00
2.00
2.00
3.00
2.00
5.00
12.00
12.00
12.00
3.00
4.00
4.00
3.00
1.00
1.00
9.00
4.00
2.00
1.00
3.00
2.00
7.00
1.00
3.00
4.00
4.00
11.00
5.00
4.00
3.00
3.00
1.00
1.00
2.00
2.00
5.00
3.00
1.00
2.00
1.00
3.00
2.00
1.00
1.00
1.00
6.00
14.00
6.00
2.00
1.00
1.00
2.00
1.00
3.00
3.00
6.00
12.00
8.00
1.00
1.00
1.00
7.00
2.00
3.00
1.00
5.00
2.00
3.00
1.00
3.00
2.00
2.00
6.00
2.00
2.00
3.00
9.00
1.00
2.00
5.00
3.00
5.00
1.00
11.00
2.00
2.00
1.00
2.00
2.00
2.00
11.00
25.00
4.00
3.00
6.00
1.00
5.00
2.00
1.00
1.00
3.00
9.00
6.00
8.00
4.00
6.00
3.00
6.00
4.00
7.00
5.00
2.00
4.00
24.00
14.00
11.00
4.00
1.00
5.00
13.00
4.00
15.00
10.00
21.00
1.00
2.00
6.00
1.00
7.00
1.00
1.00
1.00
7.00
5.00
16.00
3.00
3.00
5.00
4.00
2.00
6.00
3.00
6.00
1.00
2.00
3.00
2.00
1.00
9.00
2.00
1.00
4.00
2.00
1.00
4.00
3.00
6.00
7.00
1.00
8.00
4.00
3.00
2.00
10.00
2.00
1.00
15.00
3.00
3.00
1.00
8.00
8.00
6.00
1.00
12.00
2.00
1.00
12.00
5.00
11.00
2.00
2.00
1.00
10.00
16.00
4.00
3.00
4.00
16.00
1.00
7.00
10.00
9.00
1.00
3.00
2.00
9.00
2.00
12.00
3.00
2.00
1.00
10.00
3.00
1.00
13.00
1.00
1.00
5.00
1.00
15.00
7.00
2.00
19.00
1.00
3.00
4.00
2.00
9.00
1.00
4.00
5.00
11.00
1.00
1.00
6.00
4.00
8.00
2.00
3.00
1.00
1.00
13.00
1.00
1.00
2.00
2.00
5.00
10.00
1.00
1.00
3.00
4.00
13.00
25.00
3.00
2.00
10.00
8.00
9.00
5.00
5.00
8.00
2.00
1.00
1.00
2.00
2.00
2.00
1.00
5.00
3.00
3.00
7.00
9.00
3.00
4.00
6.00
6.00
6.00
19.00
12.00
1.00
11.00
1.00
1.00
9.00
10.00
1.00
2.00
4.00
2.00
2.00
1.00
25.00
14.00
11.00
10.00
14.00
1.00
2.00
1.00
8.00
4.00
1.00
1.00
3.00
9.00
5.00
1.00
10.00
1.00
2.00
5.00
3.00
10.00
16.00
2.00
3.00
2.00
2.00
4.00
4.00
3.00
7.00
3.00
3.00
2.00
17.00
7.00
1.00
1.00
9.00
2.00
2.00
2.00
2.00
1.00
1.00
4.00
2.00
3.00
2.00
1.00
9.00
2.00
1.00
20.00
1.00
8.00
1.00
3.00
8.00
1.00
6.00
1.00
3.00
8.00
6.00
4.00
4.00
5.00
2.00
3.00
2.00
2.00
1.00
1.00
1.00
12.00
24.00
1.00
12.00
5.00
3.00
1.00
4.00
4.00
3.00
6.00
7.00
5.00
1.00
1.00
3.00
5.00
9.00
9.00
2.00
2.00
3.00
1.00
2.00
4.00
2.00
3.00
1.00
6.00
3.00
2.00
10.00
5.00
2.00
1.00
1.00
1.00
4.00
3.00
2.00
6.00
3.00
2.00
9.00
5.00
1.00
2.00
1.00
2.00
6.00
2.00
23.00
11.00
1.00
1.00
1.00
19.00
2.00
2.00
2.00
2.00
7.00
4.00
3.00
2.00
2.00
14.00
1.00
2.00
1.00
