98.00
13.00
348.00
1.00
8.00
841.00
138.00
130.00
113.00
1098.00
5.00
276.00
163.00
877.00
13.00
3.00
1.00
81.00
74.00
133.00
1228.00
3.00
1189.00
1.00
2.00
146.00
3.00
2.00
1.00
244.00
110.00
9.00
1.00
47.00
17.00
1.00
38.00
936.00
1383.00
60.00
28.00
18.00
55.00
112.00
134.00
7.00
1555.00
991.00
18.00
344.00
182.00
1071.00
74.00
220.00
69.00
840.00
323.00
1078.00
1.00
257.00
10.00
24.00
59.00
10.00
27.00
81.00
1.00
142.00
854.00
11.00
164.00
6.00
37.00
10.00
54.00
1322.00
1.00
80.00
116.00
151.00
2823.00
10.00
84.00
1036.00
156.00
1506.00
1139.00
261.00
274.00
3.00
15.00
915.00
1.00
523.00
1153.00
1.00
49.00
65.00
88.00
999.00
194.00
24.00
124.00
351.00
929.00
85.00
255.00
1161.00
1190.00
46.00
80.00
157.00
456.00
727.00
53.00
77.00
2.00
2.00
36.00
3.00
63.00
133.00
74.00
60.00
9.00
146.00
909.00
51.00
1.00
34.00
3.00
273.00
9.00
16.00
1138.00
251.00
46.00
66.00
789.00
165.00
1.00
37.00
18.00
343.00
192.00
780.00
128.00
81.00
39.00
