3
27
17
0
0
0
0
0
0
1
4
0
3
6
16
0
0
0
0
1
3
0
8
25
28
31
8
9
0
0
0
0
5
0
5
12
3
18
7
1
0
0
0
0
0
0
11
5
6
16
15
2
0
0
0
0
0
0
0
1
12
4
1
0
0
0
0
0
0
1
0
1
13
3
3
0
0
0
0
0
0
0
0
21
10
7
0
0
0
0
0
0
0
0
0
8
24
28
10
0
0
0
0
0
0
10
32
7
9
5
7
5
4
0
0
0
0
3
6
24
6
21
5
2
2
0
0
0
6
4
6
9
48
18
7
3
0
0
0
0
9
0
0
8
22
23
6
4
0
0
0
0
0
1
28
11
26
12
3
1
0
0
0
0
7
7
4
8
12
10
20
5
2
0
0
0
0
4
11
29
10
5
0
25
5
0
0
0
4
0
31
24
78
40
45
12
0
0
0
0
9
3
0
3
0
15
6
0
0
0
0
0
1
21
27
18
6
17
11
10
1
0
0
0
0
0
0
43
43
27
12
17
0
0
0
0
0
0
3
30
41
30
9
11
1
0
0
0
0
11
8
7
15
19
5
0
0
0
0
0
4
0
0
43
45
6
10
0
0
0
0
0
0
6
0
16
4
40
12
1
11
1
0
0
0
14
13
21
58
18
29
7
3
0
0
0
0
0
0
33
23
30
14
12
0
0
0
0
6
0
0
35
19
7
32
5
0
0
0
0
0
2
2
1
49
5
0
0
4
0
0
0
0
24
12
25
22
22
7
5
9
0
0
0
0
20
2
0
44
22
20
2
2
0
0
0
0
15
3
0
