17
1
1
6
6
0
0
0
0
0
2
4
2
7
5
0
0
0
0
0
0
0
0
8
1
5
1
0
0
0
0
0
0
0
11
6
10
1
0
2
0
0
0
0
0
0
15
1
3
0
0
0
0
0
0
0
0
0
2
1
5
37
5
2
0
0
0
0
0
5
0
1
0
11
16
0
0
0
0
0
0
2
10
4
10
0
0
0
0
0
0
0
0
1
0
0
3
2
0
0
0
0
0
0
0
1
0
0
5
1
5
0
0
0
0
0
0
0
0
3
0
4
6
0
0
0
0
0
0
1
0
2
0
0
0
0
0
0
0
0
0
0
4
21
12
12
1
0
0
0
0
0
1
0
7
5
0
2
5
2
0
0
0
0
0
0
11
6
0
3
0
1
0
0
0
0
0
0
3
1
6
4
0
0
0
0
0
0
0
0
0
1
14
7
0
4
2
0
0
0
0
0
0
5
6
5
0
0
0
0
0
0
0
0
0
3
0
5
2
0
0
0
0
0
0
0
0
2
1
21
0
0
0
0
0
0
0
0
0
0
1
9
1
8
1
0
0
0
0
0
1
9
8
3
0
0
0
0
0
0
1
1
9
7
3
0
5
0
0
0
0
0
0
0
5
3
2
10
0
0
0
0
0
0
0
0
5
0
0
12
0
0
0
0
0
0
0
2
0
10
0
12
12
2
0
0
0
0
0
0
20
5
10
8
13
0
0
0
0
0
0
0
10
5
0
16
5
0
0
0
0
0
0
0
4
0
4
13
6
0
0
0
0
0
0
5
10
0
0
9
5
0
0
0
0
0
0
0
6
25
