65.00
4.00
1.00
37.00
5.00
399.00
59.00
454.00
5.00
175.00
1.00
18.00
1.00
4.00
107.00
4.00
1.00
67.00
32.00
68.00
1.00
7.00
115.00
17.00
139.00
476.00
239.00
8.00
110.00
4.00
35.00
38.00
225.00
3.00
1.00
1.00
50.00
5.00
82.00
3.00
2.00
302.00
400.00
2.00
5.00
3.00
1.00
269.00
15.00
5.00
33.00
13.00
11.00
148.00
25.00
2.00
2.00
22.00
14.00
1.00
11.00
18.00
208.00
279.00
3.00
4.00
24.00
1.00
46.00
2.00
37.00
68.00
115.00
7.00
59.00
1.00
6.00
1.00
15.00
11.00
1.00
111.00
1.00
18.00
4.00
135.00
98.00
33.00
128.00
16.00
5.00
27.00
18.00
318.00
116.00
2.00
47.00
390.00
133.00
1.00
52.00
76.00
1.00
3.00
54.00
18.00
55.00
1.00
1.00
4.00
1.00
1.00
84.00
17.00
15.00
4.00
1.00
1.00
1.00
1.00
22.00
2.00
24.00
2.00
10.00
653.00
1.00
1.00
125.00
120.00
67.00
3.00
136.00
159.00
4.00
11.00
178.00
44.00
3.00
35.00
397.00
36.00
138.00
38.00
103.00
178.00
143.00
8.00
13.00
126.00
1.00
546.00
113.00
1.00
3.00
352.00
23.00
10.00
67.00
5.00
45.00
4.00
3.00
1.00
25.00
1.00
28.00
9.00
14.00
78.00
2.00
66.00
110.00
1.00
269.00
26.00
4.00
756.00
30.00
2.00
49.00
27.00
21.00
1.00
32.00
61.00
1.00
80.00
76.00
11.00
32.00
13.00
342.00
1.00
166.00
7.00
1.00
111.00
20.00
87.00
45.00
16.00
2.00
26.00
47.00
96.00
8.00
21.00
118.00
77.00
7.00
1.00
26.00
3.00
221.00
27.00
525.00
133.00
87.00
36.00
8.00
33.00
6.00
12.00
20.00
46.00
120.00
1.00
2.00
10.00
2.00
24.00
37.00
2.00
22.00
1.00
8.00
6.00
10.00
1.00
64.00
81.00
588.00
7.00
84.00
66.00
79.00
32.00
3.00
105.00
2.00
8.00
45.00
55.00
24.00
4.00
25.00
11.00
6.00
69.00
154.00
2.00
253.00
37.00
6.00
274.00
5.00
6.00
48.00
57.00
23.00
6.00
270.00
11.00
67.00
46.00
4.00
23.00
1.00
18.00
54.00
46.00
103.00
41.00
1.00
2.00
33.00
309.00
416.00
3.00
15.00
2.00
1.00
1.00
1.00
3.00
5.00
8.00
21.00
1.00
118.00
10.00
3.00
7.00
27.00
1.00
1.00
69.00
1.00
49.00
6.00
1.00
3.00
65.00
163.00
303.00
1.00
259.00
1.00
3.00
1.00
43.00
35.00
1.00
10.00
55.00
99.00
2.00
1.00
134.00
1.00
26.00
26.00
11.00
76.00
5.00
6.00
100.00
58.00
6.00
29.00
13.00
106.00
4.00
411.00
32.00
57.00
3.00
156.00
126.00
26.00
64.00
15.00
173.00
121.00
1.00
139.00
35.00
2.00
22.00
3.00
5.00
7.00
32.00
387.00
18.00
14.00
14.00
52.00
195.00
11.00
14.00
7.00
17.00
5.00
31.00
85.00
17.00
2.00
17.00
34.00
5.00
1.00
27.00
2.00
8.00
16.00
68.00
3.00
9.00
1.00
1.00
10.00
47.00
26.00
8.00
2.00
39.00
2.00
15.00
3.00
2.00
5.00
143.00
154.00
235.00
11.00
7.00
90.00
5.00
58.00
190.00
141.00
155.00
2.00
117.00
193.00
87.00
453.00
14.00
9.00
45.00
25.00
27.00
2.00
40.00
2.00
111.00
16.00
1.00
53.00
25.00
97.00
53.00
7.00
103.00
5.00
15.00
4.00
31.00
5.00
63.00
1.00
22.00
168.00
236.00
124.00
2.00
74.00
253.00
16.00
16.00
1.00
22.00
15.00
4.00
1.00
3.00
1.00
113.00
23.00
37.00
5.00
58.00
78.00
12.00
79.00
1.00
24.00
431.00
32.00
118.00
230.00
1.00
73.00
7.00
1.00
1.00
2.00
18.00
1.00
3.00
55.00
10.00
14.00
34.00
1.00
105.00
102.00
1.00
29.00
2.00
12.00
2.00
10.00
42.00
151.00
327.00
109.00
16.00
1.00
2.00
48.00
116.00
87.00
10.00
1.00
51.00
7.00
11.00
72.00
6.00
1.00
2.00
7.00
4.00
95.00
311.00
392.00
36.00
26.00
3.00
2.00
9.00
139.00
161.00
2.00
88.00
6.00
1.00
33.00
26.00
76.00
3.00
86.00
71.00
3.00
380.00
83.00
32.00
220.00
24.00
41.00
76.00
124.00
174.00
83.00
8.00
68.00
50.00
2.00
64.00
88.00
1.00
136.00
8.00
3.00
10.00
1.00
311.00
42.00
17.00
43.00
3.00
47.00
5.00
9.00
58.00
23.00
1.00
13.00
189.00
11.00
5.00
23.00
12.00
11.00
7.00
90.00
3.00
7.00
26.00
23.00
1.00
7.00
10.00
20.00
19.00
2.00
5.00
2.00
21.00
20.00
65.00
4.00
165.00
302.00
75.00
14.00
11.00
81.00
14.00
20.00
99.00
1.00
46.00
1.00
1.00
1.00
5.00
5.00
26.00
46.00
5.00
43.00
2.00
41.00
47.00
11.00
5.00
61.00
1.00
5.00
103.00
20.00
18.00
27.00
3.00
1.00
232.00
46.00
196.00
35.00
30.00
36.00
11.00
251.00
1.00
23.00
4.00
4.00
28.00
16.00
11.00
10.00
6.00
47.00
84.00
63.00
10.00
9.00
4.00
22.00
22.00
19.00
13.00
8.00
1.00
1.00
36.00
97.00
119.00
2.00
1.00
210.00
1.00
2.00
4.00
228.00
1.00
96.00
187.00
97.00
1.00
29.00
336.00
13.00
1.00
4.00
4.00
160.00
6.00
419.00
1.00
53.00
1.00
12.00
21.00
185.00
21.00
4.00
3.00
10.00
1.00
28.00
3.00
20.00
1.00
7.00
15.00
52.00
12.00
8.00
15.00
12.00
4.00
74.00
14.00
70.00
8.00
2.00
82.00
1.00
4.00
63.00
253.00
10.00
2.00
1.00
7.00
20.00
120.00
139.00
15.00
22.00
3.00
139.00
11.00
118.00
30.00
7.00
5.00
5.00
1.00
2.00
9.00
1.00
86.00
45.00
8.00
1.00
1.00
17.00
3.00
30.00
71.00
29.00
6.00
55.00
2.00
213.00
3.00
67.00
1.00
3.00
2.00
152.00
117.00
38.00
24.00
50.00
8.00
9.00
2.00
2.00
34.00
6.00
