48.00
81.00
137.00
1356.00
91.00
6.00
704.00
1.00
357.00
2.00
45.00
8.00
139.00
48.00
13.00
21.00
208.00
690.00
176.00
168.00
251.00
737.00
333.00
54.00
3092.00
1288.00
3.00
151.00
85.00
843.00
2.00
429.00
68.00
38.00
48.00
1032.00
103.00
431.00
1334.00
924.00
151.00
306.00
26.00
927.00
50.00
524.00
15.00
68.00
1.00
1015.00
7.00
4.00
3.00
201.00
42.00
4.00
1.00
1.00
12.00
952.00
40.00
48.00
2.00
58.00
249.00
152.00
1040.00
149.00
65.00
3.00
1.00
303.00
248.00
731.00
59.00
46.00
86.00
19.00
6.00
3.00
63.00
22.00
8.00
45.00
1.00
242.00
613.00
27.00
1406.00
113.00
102.00
1.00
1.00
1.00
5.00
17.00
87.00
1.00
86.00
395.00
660.00
333.00
87.00
102.00
79.00
4.00
183.00
41.00
1014.00
22.00
1.00
36.00
75.00
6.00
1002.00
51.00
293.00
2.00
2.00
109.00
4.00
937.00
279.00
5.00
3.00
3.00
114.00
3.00
9.00
27.00
218.00
846.00
485.00
1.00
43.00
224.00
659.00
46.00
3.00
8.00
23.00
192.00
14.00
54.00
15.00
144.00
53.00
186.00
853.00
27.00
151.00
50.00
37.00
2.00
91.00
742.00
360.00
326.00
1180.00
54.00
2.00
1.00
1.00
1006.00
6.00
57.00
8.00
5.00
25.00
119.00
68.00
235.00
959.00
16.00
1.00
65.00
278.00
8.00
8.00
187.00
17.00
869.00
