2
0
11
7
2
0
0
6
0
3
6
0
3
8
1
0
0
0
0
0
0
0
2
0
0
0
0
0
0
0
1
0
0
19
1
3
0
0
0
0
0
0
0
0
0
0
9
0
2
0
0
0
0
0
0
2
0
6
5
4
35
6
4
0
0
0
0
0
3
0
0
0
4
10
0
0
0
0
0
0
5
15
9
16
0
0
0
0
0
0
1
0
0
0
0
0
0
0
0
0
0
0
0
0
7
3
3
4
0
5
0
0
1
0
0
0
3
4
4
0
4
0
0
0
0
0
1
0
1
0
0
1
0
0
0
0
0
0
0
4
0
7
23
9
7
0
0
0
0
0
0
7
0
16
3
0
2
5
0
0
0
0
0
0
4
26
1
0
8
0
2
0
0
0
0
0
0
1
6
0
3
0
0
0
1
0
0
0
0
0
3
17
5
0
1
0
0
0
0
4
0
3
0
6
1
1
0
0
0
0
1
2
0
0
2
0
5
1
0
0
0
1
0
2
0
4
5
2
16
0
0
0
0
0
0
0
6
2
0
2
3
8
5
0
0
0
0
0
0
14
8
1
5
0
2
0
1
1
0
7
1
4
18
3
0
0
0
0
0
1
0
0
0
0
4
7
10
1
0
0
0
0
0
2
0
3
0
5
0
0
0
0
1
0
0
7
2
24
3
0
6
3
1
0
0
0
1
0
23
19
0
6
3
7
0
4
0
0
0
0
0
21
5
0
23
3
0
0
0
1
0
0
0
13
3
4
11
0
0
0
1
0
0
6
10
14
15
0
13
4
0
0
0
2
0
2
3
17
7
