11.00
28.00
13.00
23.00
25.00
5.00
1.00
37.00
1.00
1.00
27.00
5.00
3.00
1.00
8.00
3.00
2.00
72.00
4.00
30.00
8.00
17.00
3.00
6.00
14.00
33.00
1.00
15.00
5.00
82.00
56.00
4.00
5.00
3.00
2.00
43.00
28.00
3.00
1.00
106.00
112.00
2.00
18.00
8.00
2.00
31.00
21.00
13.00
2.00
2.00
5.00
8.00
30.00
1.00
37.00
2.00
7.00
2.00
16.00
1.00
17.00
4.00
1.00
13.00
115.00
16.00
4.00
61.00
1.00
1.00
1.00
2.00
5.00
17.00
13.00
1.00
1.00
20.00
12.00
7.00
22.00
3.00
5.00
1.00
28.00
11.00
25.00
16.00
85.00
27.00
1.00
1.00
68.00
87.00
111.00
25.00
2.00
5.00
23.00
112.00
5.00
1.00
1.00
22.00
23.00
1.00
2.00
3.00
19.00
30.00
27.00
106.00
17.00
9.00
13.00
5.00
7.00
14.00
12.00
2.00
89.00
2.00
3.00
8.00
4.00
1.00
4.00
7.00
21.00
12.00
2.00
7.00
1.00
6.00
2.00
3.00
4.00
21.00
50.00
7.00
36.00
1.00
1.00
31.00
5.00
9.00
45.00
54.00
26.00
23.00
6.00
87.00
1.00
1.00
17.00
24.00
1.00
13.00
12.00
1.00
148.00
5.00
2.00
3.00
21.00
19.00
1.00
51.00
12.00
1.00
5.00
1.00
18.00
15.00
58.00
4.00
12.00
2.00
9.00
3.00
8.00
18.00
41.00
3.00
2.00
38.00
26.00
1.00
52.00
1.00
33.00
15.00
3.00
29.00
7.00
1.00
1.00
7.00
37.00
1.00
6.00
5.00
1.00
26.00
12.00
11.00
9.00
5.00
7.00
1.00
7.00
45.00
1.00
57.00
1.00
10.00
48.00
46.00
2.00
13.00
2.00
75.00
30.00
3.00
25.00
24.00
1.00
1.00
5.00
1.00
14.00
2.00
115.00
17.00
1.00
5.00
2.00
1.00
20.00
1.00
21.00
17.00
3.00
3.00
48.00
53.00
2.00
19.00
47.00
17.00
19.00
12.00
45.00
2.00
10.00
59.00
2.00
4.00
1.00
39.00
1.00
1.00
1.00
4.00
1.00
1.00
10.00
12.00
7.00
2.00
2.00
5.00
53.00
8.00
1.00
16.00
12.00
1.00
1.00
3.00
15.00
1.00
39.00
1.00
11.00
47.00
24.00
25.00
7.00
161.00
1.00
74.00
1.00
5.00
3.00
3.00
42.00
1.00
84.00
8.00
21.00
14.00
26.00
9.00
2.00
7.00
6.00
1.00
10.00
20.00
1.00
15.00
20.00
52.00
18.00
1.00
9.00
2.00
5.00
1.00
55.00
7.00
2.00
2.00
23.00
1.00
92.00
4.00
3.00
17.00
33.00
1.00
12.00
69.00
1.00
9.00
18.00
9.00
2.00
8.00
1.00
56.00
3.00
11.00
1.00
2.00
2.00
14.00
14.00
20.00
12.00
1.00
5.00
2.00
23.00
78.00
103.00
15.00
27.00
106.00
11.00
1.00
4.00
34.00
63.00
45.00
1.00
1.00
10.00
2.00
29.00
5.00
1.00
18.00
34.00
1.00
1.00
1.00
20.00
87.00
48.00
4.00
11.00
8.00
3.00
12.00
35.00
1.00
76.00
1.00
3.00
1.00
7.00
3.00
10.00
48.00
3.00
40.00
14.00
2.00
37.00
1.00
41.00
1.00
2.00
30.00
34.00
13.00
66.00
11.00
48.00
106.00
1.00
42.00
107.00
24.00
1.00
2.00
8.00
2.00
1.00
7.00
1.00
1.00
1.00
50.00
12.00
66.00
36.00
1.00
3.00
27.00
61.00
24.00
4.00
13.00
6.00
2.00
3.00
1.00
5.00
29.00
17.00
6.00
1.00
7.00
1.00
31.00
1.00
1.00
24.00
22.00
8.00
14.00
19.00
16.00
19.00
12.00
1.00
42.00
12.00
1.00
38.00
29.00
22.00
3.00
8.00
47.00
2.00
6.00
2.00
23.00
2.00
47.00
70.00
36.00
1.00
6.00
6.00
2.00
1.00
21.00
1.00
3.00
2.00
2.00
32.00
3.00
1.00
26.00
62.00
26.00
1.00
39.00
6.00
1.00
3.00
19.00
63.00
7.00
5.00
2.00
7.00
1.00
6.00
6.00
7.00
6.00
118.00
66.00
19.00
1.00
89.00
11.00
5.00
30.00
47.00
2.00
1.00
7.00
18.00
2.00
15.00
3.00
3.00
1.00
1.00
1.00
4.00
3.00
3.00
2.00
53.00
19.00
41.00
4.00
12.00
7.00
1.00
9.00
1.00
3.00
6.00
16.00
3.00
20.00
20.00
21.00
1.00
13.00
1.00
3.00
80.00
25.00
8.00
21.00
1.00
16.00
1.00
1.00
1.00
7.00
147.00
2.00
3.00
3.00
2.00
2.00
1.00
7.00
14.00
4.00
1.00
15.00
2.00
29.00
14.00
8.00
1.00
5.00
70.00
11.00
6.00
1.00
2.00
3.00
7.00
3.00
5.00
12.00
3.00
4.00
4.00
33.00
1.00
27.00
4.00
4.00
4.00
19.00
8.00
38.00
53.00
1.00
31.00
6.00
20.00
6.00
1.00
2.00
26.00
2.00
1.00
18.00
2.00
15.00
16.00
2.00
6.00
9.00
1.00
1.00
3.00
31.00
8.00
14.00
1.00
19.00
13.00
18.00
3.00
21.00
19.00
1.00
19.00
6.00
1.00
6.00
13.00
16.00
7.00
21.00
2.00
1.00
3.00
22.00
183.00
11.00
1.00
9.00
2.00
21.00
3.00
7.00
3.00
1.00
1.00
3.00
9.00
13.00
3.00
28.00
2.00
9.00
6.00
84.00
1.00
22.00
6.00
1.00
4.00
5.00
20.00
5.00
9.00
1.00
31.00
4.00
34.00
13.00
67.00
9.00
11.00
1.00
2.00
20.00
1.00
8.00
2.00
2.00
18.00
1.00
4.00
6.00
10.00
4.00
1.00
12.00
1.00
18.00
18.00
57.00
1.00
12.00
15.00
42.00
5.00
11.00
14.00
28.00
69.00
3.00
28.00
2.00
54.00
1.00
1.00
75.00
77.00
1.00
33.00
44.00
2.00
1.00
10.00
3.00
1.00
4.00
7.00
36.00
43.00
15.00
38.00
1.00
1.00
69.00
5.00
19.00
1.00
60.00
33.00
5.00
5.00
2.00
19.00
1.00
11.00
1.00
23.00
1.00
20.00
10.00
1.00
1.00
59.00
3.00
23.00
9.00
25.00
57.00
4.00
7.00
5.00
31.00
1.00
56.00
3.00
12.00
35.00
86.00
14.00
4.00
68.00
36.00
42.00
27.00
1.00
12.00
28.00
28.00
1.00
7.00
4.00
1.00
1.00
13.00
7.00
4.00
3.00
12.00
3.00
1.00
1.00
19.00
16.00
2.00
5.00
19.00
39.00
86.00
19.00
4.00
16.00
8.00
15.00
45.00
8.00
1.00
1.00
9.00
56.00
12.00
15.00
3.00
5.00
4.00
25.00
1.00
4.00
1.00
17.00
11.00
3.00
3.00
2.00
14.00
2.00
50.00
5.00
1.00
1.00
1.00
10.00
1.00
14.00
4.00
9.00
1.00
20.00
50.00
7.00
85.00
94.00
14.00
1.00
39.00
1.00
34.00
8.00
3.00
47.00
3.00
3.00
35.00
2.00
1.00
6.00
12.00
1.00
58.00
39.00
27.00
7.00
1.00
16.00
3.00
13.00
1.00
2.00
3.00
2.00
3.00
15.00
1.00
1.00
7.00
1.00
77.00
5.00
1.00
18.00
12.00
1.00
2.00
24.00
1.00
1.00
4.00
50.00
1.00
32.00
5.00
8.00
5.00
1.00
1.00
60.00
64.00
20.00
21.00
1.00
41.00
19.00
1.00
13.00
1.00
12.00
1.00
16.00
1.00
5.00
13.00
5.00
2.00
46.00
89.00
5.00
3.00
1.00
11.00
1.00
15.00
5.00
1.00
17.00
26.00
115.00
1.00
3.00
61.00
5.00
1.00
1.00
23.00
1.00
2.00
1.00
2.00
13.00
9.00
2.00
1.00
42.00
90.00
6.00
2.00
2.00
58.00
70.00
21.00
1.00
13.00
1.00
3.00
10.00
8.00
62.00
1.00
6.00
39.00
3.00
13.00
1.00
2.00
10.00
10.00
47.00
1.00
1.00
5.00
22.00
14.00
14.00
2.00
15.00
6.00
5.00
9.00
1.00
2.00
1.00
2.00
31.00
1.00
123.00
1.00
15.00
166.00
1.00
3.00
8.00
2.00
3.00
2.00
3.00
14.00
11.00
1.00
14.00
6.00
25.00
1.00
1.00
6.00
28.00
61.00
9.00
2.00
3.00
7.00
14.00
1.00
2.00
27.00
32.00
23.00
3.00
2.00
2.00
1.00
42.00
8.00
2.00
5.00
22.00
32.00
22.00
6.00
1.00
23.00
1.00
2.00
17.00
9.00
119.00
34.00
86.00
11.00
1.00
17.00
2.00
2.00
1.00
8.00
8.00
7.00
1.00
14.00
2.00
1.00
1.00
1.00
29.00
2.00
1.00
10.00
7.00
35.00
12.00
151.00
54.00
1.00
10.00
35.00
2.00
2.00
1.00
1.00
1.00
6.00
1.00
27.00
5.00
2.00
4.00
15.00
13.00
30.00
10.00
16.00
1.00
1.00
13.00
19.00
4.00
9.00
11.00
7.00
1.00
4.00
6.00
2.00
1.00
18.00
16.00
23.00
1.00
17.00
15.00
2.00
9.00
2.00
1.00
1.00
1.00
4.00
1.00
4.00
3.00
1.00
6.00
7.00
13.00
25.00
8.00
12.00
3.00
1.00
17.00
1.00
1.00
20.00
2.00
6.00
1.00
3.00
1.00
6.00
9.00
1.00
4.00
2.00
12.00
2.00
1.00
3.00
3.00
88.00
1.00
2.00
5.00
8.00
5.00
1.00
1.00
1.00
17.00
85.00
2.00
93.00
18.00
1.00
19.00
1.00
3.00
1.00
6.00
1.00
1.00
14.00
2.00
32.00
1.00
1.00
10.00
1.00
8.00
2.00
40.00
2.00
29.00
4.00
1.00
7.00
1.00
9.00
1.00
6.00
8.00
40.00
7.00
6.00
62.00
1.00
57.00
7.00
5.00
1.00
22.00
75.00
1.00
18.00
137.00
4.00
1.00
1.00
58.00
2.00
2.00
2.00
17.00
1.00
1.00
7.00
1.00
9.00
14.00
44.00
59.00
13.00
1.00
3.00
3.00
1.00
7.00
15.00
16.00
1.00
10.00
52.00
3.00
1.00
1.00
6.00
8.00
1.00
5.00
44.00
5.00
19.00
11.00
1.00
128.00
24.00
14.00
7.00
1.00
11.00
1.00
3.00
1.00
1.00
1.00
1.00
2.00
1.00
10.00
16.00
6.00
5.00
39.00
1.00
6.00
3.00
6.00
12.00
10.00
4.00
7.00
12.00
26.00
19.00
8.00
1.00
4.00
38.00
3.00
1.00
1.00
1.00
2.00
1.00
20.00
24.00
11.00
6.00
1.00
13.00
39.00
3.00
5.00
2.00
9.00
1.00
19.00
1.00
2.00
2.00
2.00
11.00
1.00
17.00
19.00
10.00
11.00
1.00
9.00
4.00
3.00
1.00
1.00
16.00
11.00
29.00
16.00
83.00
34.00
5.00
2.00
2.00
2.00
1.00
21.00
1.00
1.00
17.00
36.00
4.00
2.00
19.00
4.00
2.00
64.00
31.00
1.00
3.00
9.00
1.00
1.00
16.00
11.00
15.00
1.00
23.00
14.00
1.00
1.00
1.00
7.00
2.00
23.00
1.00
1.00
34.00
11.00
27.00
1.00
136.00
2.00
13.00
18.00
1.00
16.00
2.00
7.00
1.00
7.00
2.00
5.00
4.00
1.00
32.00
7.00
3.00
13.00
2.00
14.00
8.00
5.00
1.00
15.00
6.00
28.00
3.00
16.00
5.00
10.00
7.00
2.00
20.00
32.00
6.00
11.00
1.00
14.00
154.00
4.00
1.00
1.00
182.00
33.00
15.00
13.00
12.00
8.00
5.00
1.00
1.00
3.00
18.00
29.00
1.00
2.00
5.00
32.00
5.00
32.00
25.00
19.00
9.00
105.00
6.00
6.00
1.00
19.00
9.00
1.00
2.00
1.00
6.00
4.00
11.00
1.00
2.00
51.00
1.00
10.00
20.00
1.00
4.00
1.00
11.00
16.00
3.00
1.00
15.00
18.00
1.00
18.00
60.00
1.00
7.00
1.00
1.00
1.00
3.00
24.00
9.00
12.00
14.00
2.00
14.00
1.00
32.00
16.00
78.00
3.00
3.00
173.00
1.00
4.00
25.00
5.00
16.00
20.00
3.00
3.00
29.00
51.00
9.00
5.00
22.00
12.00
1.00
1.00
12.00
1.00
18.00
17.00
7.00
7.00
22.00
7.00
29.00
5.00
2.00
45.00
2.00
8.00
3.00
1.00
20.00
1.00
1.00
5.00
5.00
2.00
24.00
5.00
11.00
53.00
15.00
1.00
2.00
1.00
1.00
2.00
11.00
1.00
22.00
46.00
19.00
1.00
3.00
3.00
8.00
14.00
66.00
40.00
3.00
2.00
3.00
30.00
3.00
20.00
46.00
3.00
10.00
1.00
2.00
4.00
4.00
44.00
40.00
3.00
1.00
1.00
3.00
2.00
19.00
34.00
18.00
1.00
18.00
1.00
34.00
2.00
1.00
3.00
2.00
5.00
1.00
25.00
13.00
1.00
1.00
2.00
81.00
18.00
17.00
6.00
132.00
2.00
1.00
15.00
28.00
31.00
1.00
1.00
1.00
1.00
2.00
2.00
11.00
3.00
6.00
2.00
8.00
17.00
3.00
1.00
7.00
23.00
9.00
1.00
1.00
12.00
10.00
45.00
11.00
4.00
6.00
2.00
10.00
2.00
2.00
5.00
1.00
12.00
25.00
14.00
38.00
1.00
37.00
12.00
2.00
1.00
137.00
23.00
22.00
6.00
38.00
20.00
2.00
1.00
18.00
37.00
35.00
4.00
12.00
30.00
26.00
1.00
2.00
1.00
1.00
3.00
17.00
3.00
1.00
2.00
1.00
4.00
1.00
4.00
2.00
2.00
2.00
3.00
7.00
22.00
12.00
1.00
28.00
6.00
61.00
7.00
1.00
1.00
12.00
2.00
1.00
6.00
2.00
2.00
10.00
88.00
18.00
1.00
1.00
42.00
3.00
9.00
2.00
6.00
4.00
15.00
3.00
16.00
6.00
17.00
26.00
21.00
4.00
10.00
28.00
17.00
1.00
12.00
9.00
62.00
1.00
38.00
4.00
3.00
1.00
15.00
2.00
2.00
16.00
2.00
2.00
4.00
4.00
48.00
66.00
1.00
1.00
6.00
121.00
1.00
2.00
3.00
11.00
12.00
7.00
2.00
2.00
3.00
3.00
3.00
4.00
4.00
2.00
22.00
3.00
1.00
7.00
24.00
1.00
4.00
4.00
12.00
10.00
46.00
1.00
15.00
61.00
3.00
2.00
13.00
2.00
1.00
12.00
5.00
1.00
1.00
3.00
8.00
11.00
38.00
6.00
14.00
1.00
3.00
2.00
4.00
8.00
1.00
4.00
7.00
6.00
1.00
1.00
3.00
7.00
3.00
3.00
2.00
15.00
1.00
2.00
4.00
1.00
14.00
6.00
15.00
2.00
12.00
3.00
2.00
1.00
3.00
1.00
13.00
15.00
110.00
11.00
14.00
3.00
1.00
132.00
1.00
13.00
1.00
67.00
2.00
30.00
1.00
3.00
1.00
4.00
5.00
11.00
22.00
2.00
1.00
1.00
12.00
78.00
2.00
6.00
2.00
8.00
4.00
28.00
1.00
21.00
1.00
12.00
3.00
1.00
44.00
1.00
4.00
1.00
1.00
1.00
2.00
1.00
8.00
7.00
17.00
24.00
6.00
1.00
8.00
23.00
1.00
33.00
6.00
17.00
2.00
5.00
5.00
1.00
43.00
3.00
5.00
1.00
5.00
5.00
1.00
4.00
9.00
19.00
1.00
3.00
10.00
1.00
18.00
1.00
2.00
4.00
1.00
10.00
1.00
4.00
2.00
26.00
1.00
20.00
62.00
4.00
69.00
1.00
6.00
14.00
3.00
9.00
37.00
5.00
34.00
18.00
1.00
3.00
1.00
21.00
2.00
17.00
3.00
46.00
4.00
4.00
13.00
3.00
7.00
1.00
2.00
2.00
6.00
3.00
11.00
1.00
1.00
9.00
11.00
120.00
38.00
17.00
16.00
3.00
4.00
1.00
21.00
3.00
4.00
4.00
10.00
3.00
6.00
1.00
12.00
23.00
20.00
47.00
13.00
12.00
10.00
2.00
11.00
1.00
8.00
7.00
7.00
4.00
6.00
12.00
11.00
6.00
1.00
12.00
17.00
4.00
4.00
33.00
3.00
19.00
2.00
12.00
2.00
2.00
48.00
19.00
2.00
3.00
13.00
26.00
2.00
3.00
12.00
9.00
53.00
17.00
35.00
1.00
3.00
17.00
29.00
2.00
64.00
9.00
4.00
2.00
37.00
10.00
1.00
1.00
2.00
22.00
16.00
9.00
3.00
9.00
26.00
2.00
7.00
30.00
25.00
49.00
9.00
1.00
31.00
32.00
5.00
19.00
1.00
9.00
8.00
2.00
1.00
1.00
25.00
1.00
38.00
28.00
1.00
7.00
1.00
59.00
2.00
115.00
11.00
2.00
1.00
9.00
1.00
4.00
1.00
1.00
1.00
1.00
1.00
1.00
2.00
1.00
86.00
1.00
21.00
1.00
2.00
2.00
4.00
6.00
4.00
9.00
1.00
1.00
1.00
1.00
32.00
45.00
1.00
2.00
43.00
137.00
11.00
3.00
1.00
2.00
1.00
40.00
16.00
1.00
6.00
1.00
1.00
13.00
2.00
9.00
4.00
1.00
1.00
1.00
5.00
10.00
32.00
1.00
8.00
7.00
2.00
1.00
33.00
1.00
1.00
39.00
10.00
3.00
3.00
2.00
1.00
3.00
1.00
7.00
24.00
1.00
2.00
5.00
1.00
7.00
18.00
29.00
7.00
1.00
2.00
8.00
14.00
1.00
4.00
4.00
46.00
2.00
5.00
7.00
10.00
24.00
2.00
7.00
7.00
6.00
7.00
2.00
9.00
1.00
4.00
3.00
5.00
13.00
19.00
1.00
2.00
18.00
3.00
26.00
6.00
55.00
23.00
1.00
2.00
4.00
3.00
2.00
1.00
1.00
12.00
91.00
14.00
12.00
3.00
4.00
1.00
1.00
18.00
1.00
7.00
9.00
1.00
2.00
44.00
3.00
7.00
3.00
9.00
1.00
1.00
1.00
8.00
2.00
1.00
1.00
3.00
1.00
1.00
2.00
2.00
7.00
25.00
10.00
7.00
1.00
2.00
1.00
2.00
2.00
6.00
2.00
2.00
1.00
3.00
9.00
44.00
75.00
8.00
9.00
47.00
38.00
2.00
17.00
8.00
7.00
2.00
1.00
2.00
2.00
5.00
6.00
4.00
2.00
1.00
1.00
13.00
45.00
15.00
11.00
22.00
1.00
1.00
1.00
6.00
1.00
2.00
3.00
7.00
1.00
2.00
1.00
17.00
2.00
1.00
11.00
19.00
27.00
17.00
1.00
26.00
17.00
13.00
4.00
5.00
144.00
7.00
15.00
10.00
1.00
15.00
1.00
2.00
1.00
40.00
2.00
1.00
2.00
65.00
23.00
25.00
1.00
6.00
7.00
10.00
16.00
3.00
45.00
24.00
1.00
1.00
4.00
6.00
1.00
1.00
1.00
9.00
1.00
4.00
5.00
7.00
1.00
7.00
1.00
1.00
1.00
1.00
2.00
3.00
4.00
3.00
2.00
3.00
1.00
3.00
1.00
12.00
78.00
1.00
