51.00
4.00
3.00
1.00
2.00
1.00
1.00
7.00
8.00
5.00
7.00
7.00
21.00
44.00
17.00
1.00
13.00
51.00
3.00
41.00
18.00
17.00
3.00
1.00
7.00
1.00
5.00
112.00
10.00
16.00
55.00
63.00
98.00
108.00
44.00
44.00
35.00
30.00
5.00
23.00
4.00
1.00
3.00
8.00
1.00
9.00
3.00
6.00
20.00
42.00
5.00
13.00
41.00
1.00
68.00
32.00
13.00
62.00
39.00
1.00
18.00
8.00
5.00
1.00
14.00
15.00
5.00
4.00
73.00
3.00
4.00
40.00
19.00
1.00
9.00
14.00
54.00
92.00
57.00
12.00
77.00
107.00
114.00
28.00
52.00
5.00
2.00
5.00
1.00
2.00
1.00
72.00
2.00
7.00
13.00
1.00
18.00
4.00
246.00
14.00
3.00
14.00
4.00
19.00
12.00
8.00
28.00
3.00
1.00
7.00
35.00
39.00
16.00
83.00
28.00
1.00
71.00
2.00
20.00
184.00
28.00
1.00
24.00
112.00
3.00
6.00
46.00
18.00
41.00
27.00
126.00
11.00
20.00
1.00
8.00
1.00
1.00
31.00
5.00
1.00
89.00
8.00
5.00
3.00
5.00
8.00
22.00
18.00
9.00
11.00
6.00
7.00
23.00
49.00
11.00
4.00
39.00
40.00
11.00
21.00
27.00
53.00
1.00
31.00
30.00
93.00
49.00
14.00
7.00
1.00
101.00
51.00
1.00
2.00
49.00
1.00
54.00
11.00
2.00
93.00
5.00
12.00
20.00
1.00
3.00
1.00
10.00
1.00
18.00
1.00
86.00
21.00
7.00
5.00
56.00
32.00
1.00
18.00
5.00
1.00
1.00
23.00
8.00
3.00
9.00
37.00
2.00
9.00
5.00
27.00
17.00
1.00
11.00
10.00
6.00
21.00
49.00
74.00
49.00
67.00
108.00
3.00
2.00
86.00
1.00
111.00
15.00
4.00
17.00
1.00
22.00
7.00
2.00
104.00
1.00
1.00
20.00
101.00
2.00
48.00
13.00
61.00
4.00
51.00
1.00
4.00
2.00
37.00
1.00
5.00
53.00
1.00
10.00
17.00
22.00
4.00
9.00
18.00
1.00
3.00
60.00
102.00
8.00
2.00
1.00
1.00
1.00
1.00
168.00
1.00
77.00
56.00
83.00
1.00
3.00
33.00
1.00
36.00
39.00
4.00
109.00
1.00
7.00
8.00
64.00
30.00
4.00
99.00
8.00
9.00
34.00
18.00
71.00
1.00
1.00
9.00
18.00
11.00
12.00
1.00
57.00
17.00
1.00
3.00
1.00
26.00
24.00
3.00
58.00
8.00
385.00
5.00
32.00
111.00
3.00
54.00
26.00
1.00
33.00
24.00
2.00
1.00
134.00
55.00
1.00
36.00
7.00
79.00
10.00
13.00
65.00
41.00
15.00
1.00
40.00
45.00
1.00
39.00
34.00
16.00
81.00
1.00
1.00
49.00
109.00
19.00
21.00
148.00
3.00
2.00
22.00
64.00
134.00
89.00
4.00
20.00
4.00
14.00
17.00
29.00
21.00
7.00
46.00
1.00
5.00
28.00
1.00
1.00
24.00
9.00
16.00
3.00
21.00
53.00
43.00
1.00
1.00
56.00
3.00
25.00
2.00
28.00
4.00
57.00
86.00
130.00
2.00
1.00
26.00
1.00
19.00
5.00
15.00
116.00
51.00
85.00
9.00
1.00
4.00
1.00
1.00
5.00
3.00
8.00
6.00
158.00
53.00
90.00
11.00
5.00
34.00
52.00
7.00
9.00
23.00
19.00
3.00
3.00
3.00
4.00
2.00
4.00
4.00
75.00
48.00
14.00
1.00
1.00
7.00
10.00
3.00
5.00
1.00
23.00
1.00
46.00
1.00
1.00
1.00
6.00
22.00
26.00
5.00
3.00
119.00
1.00
19.00
21.00
2.00
1.00
144.00
2.00
6.00
8.00
16.00
45.00
2.00
12.00
78.00
12.00
11.00
9.00
9.00
9.00
13.00
4.00
4.00
4.00
36.00
28.00
1.00
5.00
7.00
6.00
1.00
22.00
13.00
39.00
54.00
1.00
32.00
28.00
7.00
7.00
27.00
2.00
3.00
21.00
2.00
3.00
1.00
10.00
2.00
21.00
7.00
1.00
15.00
11.00
42.00
9.00
10.00
3.00
22.00
20.00
75.00
27.00
6.00
42.00
6.00
3.00
23.00
1.00
68.00
163.00
21.00
13.00
4.00
10.00
8.00
7.00
36.00
1.00
11.00
6.00
87.00
23.00
12.00
5.00
30.00
2.00
7.00
11.00
32.00
39.00
14.00
72.00
16.00
14.00
22.00
7.00
24.00
4.00
6.00
10.00
4.00
12.00
19.00
17.00
81.00
61.00
21.00
1.00
16.00
29.00
73.00
1.00
251.00
78.00
16.00
2.00
8.00
83.00
66.00
71.00
6.00
25.00
102.00
8.00
8.00
11.00
21.00
2.00
1.00
1.00
1.00
1.00
8.00
1.00
6.00
5.00
24.00
6.00
1.00
22.00
1.00
12.00
2.00
2.00
66.00
1.00
24.00
9.00
27.00
45.00
20.00
14.00
36.00
79.00
145.00
2.00
170.00
4.00
12.00
3.00
52.00
1.00
37.00
7.00
26.00
5.00
22.00
17.00
1.00
7.00
23.00
145.00
7.00
16.00
11.00
62.00
13.00
10.00
58.00
15.00
1.00
16.00
9.00
5.00
10.00
26.00
7.00
3.00
1.00
6.00
2.00
12.00
14.00
5.00
6.00
7.00
3.00
15.00
51.00
20.00
10.00
2.00
1.00
1.00
33.00
27.00
51.00
1.00
7.00
178.00
18.00
46.00
107.00
33.00
5.00
5.00
110.00
10.00
10.00
1.00
26.00
3.00
19.00
4.00
2.00
18.00
2.00
2.00
6.00
3.00
23.00
9.00
1.00
83.00
19.00
9.00
5.00
6.00
30.00
3.00
8.00
23.00
66.00
5.00
17.00
4.00
6.00
60.00
63.00
90.00
110.00
145.00
7.00
1.00
15.00
15.00
6.00
37.00
1.00
117.00
8.00
5.00
75.00
3.00
4.00
33.00
19.00
14.00
3.00
6.00
46.00
93.00
7.00
4.00
1.00
132.00
1.00
27.00
2.00
13.00
7.00
10.00
9.00
5.00
56.00
9.00
58.00
1.00
1.00
1.00
11.00
10.00
1.00
1.00
50.00
1.00
1.00
1.00
10.00
2.00
38.00
15.00
19.00
15.00
4.00
14.00
1.00
1.00
9.00
6.00
380.00
57.00
15.00
7.00
22.00
7.00
32.00
63.00
11.00
26.00
34.00
33.00
26.00
6.00
12.00
43.00
9.00
2.00
1.00
62.00
22.00
38.00
3.00
20.00
10.00
99.00
18.00
36.00
66.00
32.00
1.00
11.00
1.00
9.00
3.00
10.00
6.00
28.00
1.00
1.00
36.00
54.00
45.00
15.00
173.00
35.00
4.00
2.00
16.00
1.00
12.00
1.00
9.00
11.00
16.00
32.00
23.00
20.00
41.00
23.00
11.00
1.00
8.00
9.00
21.00
40.00
18.00
16.00
18.00
6.00
1.00
5.00
6.00
5.00
2.00
1.00
7.00
8.00
10.00
1.00
1.00
2.00
6.00
1.00
26.00
1.00
21.00
6.00
2.00
2.00
19.00
23.00
5.00
7.00
3.00
3.00
1.00
8.00
10.00
1.00
11.00
21.00
12.00
35.00
102.00
14.00
7.00
2.00
14.00
94.00
110.00
6.00
10.00
2.00
90.00
9.00
12.00
44.00
28.00
33.00
1.00
1.00
8.00
10.00
40.00
9.00
70.00
57.00
42.00
237.00
6.00
1.00
8.00
62.00
25.00
2.00
11.00
61.00
129.00
87.00
2.00
1.00
3.00
15.00
65.00
39.00
128.00
23.00
25.00
12.00
4.00
31.00
64.00
2.00
3.00
7.00
8.00
12.00
1.00
41.00
9.00
10.00
43.00
35.00
1.00
11.00
37.00
1.00
6.00
48.00
3.00
9.00
9.00
23.00
42.00
3.00
11.00
1.00
15.00
2.00
5.00
14.00
19.00
24.00
1.00
19.00
22.00
16.00
15.00
18.00
1.00
1.00
1.00
2.00
12.00
1.00
56.00
84.00
81.00
3.00
61.00
22.00
114.00
58.00
2.00
2.00
1.00
27.00
16.00
1.00
16.00
30.00
5.00
1.00
2.00
37.00
38.00
16.00
14.00
121.00
16.00
3.00
21.00
3.00
9.00
1.00
9.00
1.00
1.00
4.00
1.00
2.00
13.00
33.00
3.00
1.00
1.00
1.00
16.00
20.00
15.00
6.00
14.00
40.00
1.00
30.00
1.00
11.00
10.00
62.00
13.00
2.00
16.00
75.00
83.00
155.00
79.00
2.00
13.00
14.00
1.00
79.00
34.00
6.00
2.00
33.00
29.00
2.00
3.00
32.00
105.00
8.00
8.00
3.00
19.00
23.00
17.00
1.00
17.00
6.00
1.00
50.00
6.00
2.00
1.00
3.00
2.00
31.00
32.00
4.00
2.00
1.00
17.00
20.00
20.00
72.00
1.00
1.00
1.00
30.00
5.00
30.00
16.00
16.00
5.00
54.00
1.00
82.00
187.00
1.00
37.00
18.00
19.00
1.00
2.00
1.00
33.00
63.00
5.00
24.00
14.00
2.00
13.00
1.00
25.00
17.00
42.00
22.00
13.00
7.00
68.00
20.00
2.00
9.00
9.00
27.00
1.00
8.00
11.00
68.00
1.00
3.00
3.00
3.00
41.00
1.00
23.00
23.00
2.00
19.00
1.00
10.00
10.00
3.00
17.00
1.00
69.00
1.00
109.00
85.00
28.00
93.00
65.00
19.00
61.00
18.00
11.00
12.00
1.00
1.00
31.00
7.00
19.00
5.00
3.00
5.00
81.00
20.00
16.00
9.00
136.00
2.00
2.00
1.00
3.00
19.00
29.00
29.00
6.00
3.00
2.00
1.00
2.00
5.00
5.00
19.00
7.00
2.00
9.00
17.00
7.00
7.00
21.00
10.00
3.00
13.00
14.00
52.00
15.00
5.00
21.00
1.00
8.00
1.00
107.00
2.00
4.00
1.00
41.00
18.00
4.00
165.00
91.00
8.00
3.00
10.00
80.00
9.00
66.00
7.00
17.00
5.00
2.00
2.00
4.00
2.00
2.00
9.00
9.00
19.00
18.00
61.00
5.00
61.00
8.00
15.00
2.00
7.00
18.00
91.00
19.00
6.00
4.00
44.00
14.00
5.00
2.00
2.00
2.00
5.00
9.00
7.00
24.00
32.00
51.00
6.00
44.00
19.00
1.00
1.00
3.00
10.00
4.00
12.00
1.00
110.00
1.00
1.00
1.00
20.00
21.00
4.00
28.00
97.00
3.00
140.00
49.00
9.00
4.00
6.00
4.00
6.00
29.00
1.00
42.00
1.00
19.00
3.00
13.00
68.00
1.00
62.00
6.00
1.00
1.00
2.00
7.00
1.00
6.00
14.00
1.00
7.00
1.00
1.00
5.00
7.00
52.00
7.00
1.00
13.00
1.00
3.00
2.00
5.00
1.00
3.00
5.00
10.00
10.00
1.00
1.00
6.00
35.00
1.00
5.00
3.00
23.00
16.00
2.00
10.00
47.00
144.00
19.00
15.00
149.00
114.00
3.00
1.00
1.00
9.00
8.00
3.00
23.00
8.00
14.00
80.00
3.00
9.00
4.00
82.00
16.00
3.00
1.00
1.00
3.00
1.00
45.00
18.00
25.00
2.00
14.00
24.00
1.00
7.00
12.00
28.00
5.00
37.00
2.00
22.00
8.00
6.00
50.00
10.00
12.00
6.00
1.00
2.00
1.00
1.00
1.00
2.00
10.00
23.00
2.00
2.00
5.00
16.00
23.00
6.00
11.00
85.00
67.00
70.00
1.00
15.00
49.00
66.00
24.00
72.00
5.00
3.00
3.00
29.00
9.00
3.00
15.00
14.00
11.00
207.00
17.00
1.00
23.00
4.00
6.00
24.00
9.00
11.00
10.00
2.00
42.00
5.00
20.00
48.00
1.00
15.00
12.00
12.00
11.00
1.00
2.00
11.00
3.00
1.00
6.00
8.00
10.00
11.00
1.00
12.00
16.00
33.00
1.00
13.00
53.00
221.00
53.00
65.00
11.00
3.00
13.00
80.00
71.00
18.00
5.00
23.00
19.00
15.00
9.00
27.00
6.00
2.00
7.00
30.00
2.00
22.00
61.00
33.00
42.00
30.00
10.00
6.00
2.00
5.00
68.00
29.00
13.00
161.00
37.00
11.00
21.00
6.00
9.00
6.00
11.00
96.00
1.00
35.00
12.00
13.00
2.00
5.00
21.00
46.00
194.00
7.00
13.00
64.00
45.00
1.00
19.00
36.00
19.00
1.00
44.00
6.00
44.00
12.00
7.00
1.00
5.00
3.00
15.00
26.00
1.00
1.00
6.00
2.00
4.00
8.00
1.00
3.00
19.00
29.00
7.00
9.00
19.00
8.00
7.00
46.00
12.00
3.00
10.00
15.00
23.00
33.00
1.00
9.00
34.00
27.00
1.00
22.00
36.00
102.00
1.00
150.00
18.00
79.00
1.00
19.00
19.00
53.00
10.00
2.00
10.00
1.00
1.00
11.00
54.00
80.00
10.00
58.00
32.00
3.00
2.00
3.00
17.00
10.00
7.00
5.00
3.00
2.00
4.00
1.00
1.00
1.00
4.00
59.00
1.00
15.00
11.00
31.00
13.00
5.00
48.00
19.00
16.00
33.00
15.00
7.00
1.00
1.00
52.00
212.00
18.00
1.00
49.00
1.00
1.00
6.00
118.00
29.00
95.00
4.00
5.00
3.00
1.00
11.00
4.00
9.00
16.00
1.00
15.00
5.00
4.00
4.00
5.00
8.00
1.00
78.00
1.00
