19
10
0
0
2
0
0
0
2
8
9
21
8
14
1
0
0
0
1
0
3
7
2
0
10
13
0
1
0
0
3
4
0
19
3
31
14
5
1
0
9
6
2
29
12
0
6
1
26
0
0
1
3
0
0
1
5
9
10
23
29
2
0
0
0
0
3
2
9
2
0
11
4
9
0
0
1
1
4
1
2
7
12
4
0
0
0
1
5
0
0
3
18
12
11
2
0
2
2
0
0
0
0
0
12
15
5
17
0
0
3
2
7
8
19
11
2
8
7
1
8
0
0
0
1
3
27
13
16
26
6
1
0
0
0
8
18
4
4
15
25
1
3
0
1
5
0
15
9
0
5
10
7
8
12
0
0
4
0
0
40
18
37
6
13
1
1
0
2
0
27
14
10
5
8
11
16
18
6
0
0
2
4
7
4
5
4
4
3
34
1
0
0
12
0
16
15
33
61
37
12
8
1
2
0
7
8
0
5
2
4
1
0
3
14
0
0
9
14
9
10
2
8
31
4
0
1
1
6
2
0
13
38
17
25
16
4
0
0
1
1
6
0
31
35
8
1
21
0
1
0
6
13
5
14
27
20
9
0
0
1
0
0
25
13
1
16
31
7
1
3
0
0
2
3
1
5
2
6
3
7
6
10
8
2
0
2
15
12
0
20
27
30
24
2
1
0
0
6
8
7
40
26
12
8
20
0
1
1
2
13
0
18
40
4
33
26
6
6
0
6
0
4
1
1
38
3
0
1
16
2
0
0
5
19
0
32
19
22
6
5
2
0
15
5
2
12
2
21
65
22
8
12
0
2
14
3
8
19
7
