22
42
36
22
11
24
4
3
22
20
60
11
18
32
37
2
16
2
16
10
27
4
49
40
37
52
26
27
15
20
14
12
26
21
53
28
15
42
51
16
10
4
21
7
26
12
26
22
47
48
70
25
43
0
15
6
26
15
16
20
24
25
31
52
15
2
1
25
13
35
1
31
34
12
19
10
12
12
6
24
8
12
53
44
35
24
23
9
15
34
9
13
34
3
10
16
53
48
38
53
55
8
20
13
36
38
76
39
22
29
51
50
41
31
13
6
46
32
34
61
14
47
34
13
33
5
9
4
38
19
31
26
67
38
27
36
15
16
3
13
61
27
7
15
36
66
41
55
11
1
29
21
18
42
65
27
41
24
7
26
15
17
6
29
46
40
12
19
24
38
72
40
56
4
1
19
34
21
29
34
38
3
4
62
42
18
2
46
37
27
77
41
102
54
82
89
18
33
3
30
30
35
10
21
5
23
27
5
25
36
6
12
32
80
49
44
32
60
54
54
11
25
15
42
50
29
3
64
88
53
48
43
15
7
0
12
32
32
14
70
45
51
22
43
26
9
9
32
19
52
30
40
25
46
52
16
41
18
12
53
77
14
11
51
52
35
34
37
45
0
13
18
35
82
21
43
14
54
37
35
29
35
9
3
56
59
40
35
84
39
67
64
13
22
4
17
41
34
42
55
48
45
62
69
27
6
12
15
81
15
10
69
42
37
72
58
31
19
9
32
26
39
23
25
62
23
5
37
49
37
9
1
22
73
36
58
63
38
39
30
26
28
23
27
45
74
11
19
65
44
44
44
36
0
24
12
18
63
76
9
