12.00
34.00
80.00
72.00
7.00
9.00
24.00
76.00
772.00
162.00
272.00
2.00
1.00
50.00
6.00
80.00
3.00
8.00
35.00
657.00
345.00
10.00
7.00
31.00
4.00
111.00
1.00
9.00
3.00
2.00
22.00
15.00
1.00
9.00
18.00
9.00
77.00
11.00
50.00
41.00
687.00
148.00
7.00
19.00
133.00
30.00
60.00
174.00
7.00
49.00
19.00
3.00
108.00
879.00
50.00
88.00
58.00
13.00
58.00
12.00
2.00
11.00
2.00
119.00
1.00
49.00
13.00
1010.00
105.00
2.00
1.00
1.00
1.00
150.00
21.00
143.00
848.00
143.00
179.00
11.00
15.00
110.00
16.00
1.00
90.00
1025.00
45.00
10.00
62.00
10.00
15.00
78.00
3.00
1274.00
50.00
1.00
8.00
12.00
23.00
27.00
1.00
1.00
1.00
5.00
1.00
29.00
2.00
79.00
75.00
12.00
801.00
30.00
2.00
13.00
12.00
26.00
9.00
11.00
19.00
87.00
10.00
32.00
14.00
1.00
43.00
54.00
36.00
48.00
34.00
30.00
85.00
95.00
33.00
636.00
24.00
129.00
10.00
4.00
39.00
18.00
15.00
1.00
44.00
123.00
11.00
2.00
21.00
25.00
15.00
27.00
19.00
163.00
64.00
545.00
151.00
76.00
39.00
105.00
3.00
1.00
8.00
42.00
5.00
4.00
5.00
6.00
24.00
4.00
23.00
13.00
1.00
7.00
68.00
1.00
68.00
76.00
593.00
49.00
305.00
15.00
57.00
67.00
13.00
30.00
7.00
9.00
1.00
8.00
7.00
28.00
4.00
14.00
1.00
6.00
36.00
9.00
1.00
144.00
36.00
29.00
715.00
20.00
4.00
44.00
4.00
100.00
20.00
2.00
11.00
5.00
7.00
30.00
3.00
10.00
90.00
5.00
9.00
7.00
5.00
64.00
160.00
596.00
41.00
48.00
2.00
57.00
102.00
4.00
137.00
26.00
26.00
11.00
77.00
11.00
91.00
8.00
55.00
5.00
23.00
10.00
17.00
105.00
1.00
5.00
654.00
13.00
148.00
59.00
24.00
132.00
11.00
1.00
117.00
139.00
18.00
18.00
2.00
29.00
9.00
4.00
527.00
196.00
13.00
4.00
31.00
5.00
31.00
85.00
18.00
2.00
1.00
6.00
8.00
6.00
7.00
2.00
2.00
1.00
11.00
10.00
2.00
7.00
3.00
54.00
6.00
9.00
3.00
1.00
1.00
6.00
3.00
3.00
20.00
25.00
36.00
36.00
34.00
533.00
26.00
83.00
50.00
206.00
289.00
1.00
1.00
8.00
1.00
54.00
37.00
696.00
65.00
2.00
11.00
84.00
1.00
1.00
14.00
1.00
43.00
34.00
55.00
6.00
15.00
50.00
15.00
106.00
26.00
20.00
123.00
21.00
1.00
29.00
94.00
858.00
2.00
1.00
18.00
2.00
26.00
10.00
7.00
8.00
38.00
1.00
12.00
46.00
1.00
16.00
35.00
14.00
62.00
37.00
11.00
3.00
30.00
916.00
13.00
26.00
46.00
10.00
1.00
2.00
1.00
14.00
3.00
4.00
1.00
52.00
5.00
1.00
1.00
28.00
3.00
37.00
1.00
1.00
21.00
29.00
135.00
73.00
595.00
25.00
48.00
116.00
101.00
6.00
14.00
1.00
38.00
7.00
13.00
71.00
6.00
1.00
2.00
108.00
4.00
82.00
730.00
277.00
1.00
2.00
20.00
65.00
4.00
1.00
3.00
1.00
19.00
44.00
15.00
40.00
5.00
18.00
67.00
9.00
3.00
843.00
23.00
197.00
1.00
144.00
7.00
1.00
43.00
16.00
4.00
34.00
128.00
87.00
134.00
517.00
1.00
45.00
1.00
1.00
23.00
92.00
79.00
6.00
6.00
6.00
15.00
27.00
8.00
64.00
1.00
23.00
2.00
13.00
6.00
1.00
3.00
5.00
31.00
1.00
8.00
41.00
17.00
24.00
91.00
851.00
19.00
26.00
1.00
1.00
50.00
1.00
7.00
12.00
28.00
2.00
39.00
1.00
30.00
8.00
5.00
62.00
1.00
15.00
1.00
85.00
21.00
1.00
18.00
1.00
28.00
552.00
49.00
1.00
256.00
28.00
4.00
5.00
28.00
12.00
13.00
10.00
7.00
45.00
87.00
1.00
66.00
5.00
10.00
4.00
4.00
19.00
27.00
52.00
40.00
679.00
86.00
83.00
71.00
86.00
44.00
1.00
1.00
118.00
261.00
12.00
585.00
4.00
57.00
6.00
4.00
24.00
106.00
1.00
1.00
1.00
62.00
26.00
5.00
3.00
11.00
1.00
38.00
15.00
4.00
8.00
5.00
4.00
52.00
11.00
9.00
29.00
4.00
60.00
3.00
2.00
2.00
58.00
90.00
31.00
63.00
564.00
20.00
15.00
1.00
1.00
2.00
56.00
215.00
32.00
22.00
1.00
3.00
1.00
16.00
7.00
64.00
33.00
31.00
10.00
2.00
3.00
22.00
138.00
2.00
685.00
11.00
119.00
11.00
