2.00
2.00
3.00
2.00
2.00
3.00
7.00
2.00
4.00
4.00
3.00
3.00
8.00
4.00
8.00
1.00
5.00
3.00
3.00
1.00
12.00
1.00
8.00
2.00
3.00
2.00
8.00
1.00
3.00
3.00
1.00
3.00
1.00
5.00
5.00
4.00
4.00
1.00
4.00
5.00
3.00
2.00
4.00
1.00
5.00
1.00
2.00
1.00
1.00
5.00
1.00
1.00
1.00
1.00
4.00
4.00
2.00
3.00
5.00
7.00
3.00
3.00
1.00
1.00
1.00
4.00
1.00
5.00
6.00
1.00
11.00
1.00
2.00
2.00
2.00
2.00
1.00
2.00
10.00
4.00
1.00
1.00
2.00
10.00
1.00
2.00
1.00
3.00
9.00
2.00
1.00
1.00
1.00
1.00
3.00
1.00
1.00
5.00
8.00
9.00
1.00
1.00
2.00
4.00
2.00
1.00
1.00
3.00
3.00
1.00
5.00
8.00
1.00
3.00
1.00
1.00
2.00
1.00
2.00
3.00
2.00
3.00
8.00
7.00
6.00
3.00
1.00
5.00
1.00
3.00
1.00
2.00
3.00
2.00
9.00
1.00
8.00
1.00
1.00
1.00
2.00
16.00
12.00
3.00
10.00
2.00
5.00
1.00
2.00
11.00
1.00
1.00
2.00
4.00
5.00
2.00
18.00
2.00
3.00
1.00
2.00
8.00
3.00
1.00
3.00
2.00
4.00
6.00
1.00
2.00
3.00
7.00
8.00
2.00
1.00
1.00
2.00
9.00
1.00
1.00
1.00
9.00
