93.00
3.00
8.00
5.00
184.00
156.00
6.00
841.00
110.00
23.00
119.00
10.00
110.00
60.00
39.00
995.00
4.00
176.00
97.00
163.00
895.00
81.00
73.00
128.00
88.00
245.00
890.00
3.00
228.00
1118.00
7.00
203.00
39.00
108.00
1.00
5.00
14.00
29.00
2.00
12.00
1.00
34.00
5.00
127.00
1.00
781.00
14.00
173.00
304.00
17.00
48.00
4.00
2.00
31.00
7.00
770.00
61.00
46.00
46.00
7.00
112.00
1.00
132.00
7.00
1013.00
442.00
95.00
1010.00
344.00
83.00
96.00
1070.00
73.00
220.00
1.00
7.00
35.00
21.00
825.00
337.00
14.00
1323.00
12.00
19.00
1.00
60.00
1.00
4.00
27.00
70.00
8.00
73.00
5.00
1.00
55.00
853.00
178.00
6.00
36.00
10.00
52.00
69.00
183.00
85.00
1.00
106.00
844.00
26.00
81.00
114.00
150.00
275.00
804.00
223.00
2.00
149.00
1270.00
81.00
8.00
80.00
245.00
69.00
872.00
192.00
50.00
1250.00
192.00
29.00
10.00
121.00
1042.00
171.00
101.00
1.00
13.00
1375.00
17.00
44.00
43.00
50.00
86.00
1.00
54.00
1.00
78.00
780.00
99.00
66.00
87.00
82.00
915.00
193.00
24.00
120.00
2.00
38.00
306.00
1.00
927.00
14.00
69.00
94.00
46.00
97.00
12.00
1157.00
259.00
41.00
26.00
900.00
239.00
1.00
293.00
1.00
32.00
18.00
93.00
17.00
844.00
2.00
1.00
39.00
1.00
62.00
133.00
72.00
59.00
7.00
82.00
59.00
907.00
51.00
1.00
34.00
5.00
270.00
1.00
2.00
15.00
121.00
14.00
994.00
202.00
46.00
46.00
63.00
953.00
41.00
17.00
341.00
8.00
180.00
908.00
77.00
17.00
9.00
6.00
55.00
