2
2
3
0
0
0
0
0
0
0
0
0
0
2
5
0
0
0
0
3
6
0
2
12
8
13
0
5
0
0
0
0
3
0
3
1
0
12
0
0
0
0
0
0
1
0
8
2
0
0
0
0
0
0
0
0
0
0
0
0
0
0
0
0
0
0
0
0
0
0
0
0
3
0
0
0
0
0
0
0
0
0
0
10
1
3
0
0
0
0
0
0
4
0
0
3
6
5
0
0
0
0
0
0
0
4
4
0
0
0
1
0
0
0
0
0
0
0
0
0
4
0
0
0
0
0
0
0
5
3
0
0
6
0
0
0
0
0
0
0
6
0
0
0
0
5
0
0
0
0
0
0
0
0
8
1
18
0
0
0
0
0
0
0
10
5
0
1
4
0
0
0
0
0
0
0
0
1
5
18
0
1
0
0
2
0
0
0
0
0
6
15
6
11
0
2
0
0
0
0
4
0
0
0
0
0
0
0
0
0
0
0
9
6
10
8
0
0
2
7
0
0
0
0
1
0
0
3
4
3
0
4
0
0
0
0
0
0
0
9
9
3
0
0
0
0
0
0
0
2
0
0
5
5
0
0
0
0
0
0
3
0
0
24
10
0
1
0
0
0
0
0
0
2
0
0
0
5
9
0
1
0
0
0
0
9
4
13
28
0
7
0
1
0
0
0
0
0
0
13
1
7
5
0
0
0
0
0
2
0
0
18
0
0
2
0
0
0
0
0
0
0
0
0
17
0
0
0
0
0
0
0
0
16
1
5
0
7
0
0
0
0
0
0
0
11
1
0
12
0
2
0
0
0
0
0
0
9
0
0
