32
18
23
30
8
6
8
0
16
7
16
14
8
9
31
10
9
3
3
15
6
0
0
13
14
10
21
1
0
0
13
0
3
29
45
26
22
8
3
7
6
7
3
15
18
11
15
22
26
22
3
1
0
0
16
0
33
12
56
2
16
45
12
12
3
0
5
0
13
30
18
22
22
20
40
26
3
4
1
10
22
37
51
30
23
4
14
2
5
2
18
26
25
23
11
4
10
18
11
6
0
0
3
45
3
7
2
31
15
9
9
5
0
0
7
19
11
12
21
19
13
26
19
2
0
0
3
29
23
17
0
17
10
17
0
0
1
11
8
16
32
0
56
44
22
14
13
6
1
0
5
0
20
13
39
35
5
20
18
5
0
1
1
2
11
16
41
19
34
17
6
9
0
0
6
3
10
0
16
1
15
13
9
11
0
10
13
17
29
15
19
8
23
14
19
28
7
3
7
23
14
10
15
26
19
21
14
6
5
0
15
13
24
1
16
10
5
18
10
2
12
2
23
1
24
11
40
16
10
21
0
4
0
9
23
7
6
28
19
14
9
18
8
23
13
2
0
32
5
19
28
37
11
23
11
26
5
10
25
21
11
29
27
35
22
13
12
0
1
0
7
10
4
2
25
27
13
16
13
9
1
7
34
19
17
0
12
0
15
30
1
0
0
2
10
16
27
38
27
33
21
32
38
14
2
10
5
5
52
26
37
13
13
25
22
27
14
0
0
0
32
19
26
12
16
23
39
17
4
0
17
18
7
19
18
8
15
18
10
5
0
2
27
0
5
20
46
32
18
25
6
10
7
0
0
0
38
7
25
63
