4.00
2.00
57.00
15.00
2.00
1.00
7.00
23.00
3.00
1.00
29.00
7.00
3.00
2.00
15.00
27.00
5.00
1.00
33.00
1.00
12.00
31.00
16.00
67.00
1.00
42.00
18.00
125.00
67.00
1.00
41.00
62.00
2.00
3.00
21.00
1.00
117.00
1.00
14.00
14.00
12.00
127.00
5.00
1.00
25.00
47.00
41.00
17.00
80.00
10.00
16.00
2.00
20.00
4.00
1.00
21.00
49.00
7.00
1.00
11.00
89.00
4.00
1.00
5.00
37.00
7.00
9.00
14.00
20.00
1.00
33.00
74.00
1.00
347.00
31.00
1.00
60.00
293.00
75.00
103.00
71.00
36.00
21.00
33.00
12.00
15.00
26.00
2.00
31.00
56.00
79.00
318.00
2.00
17.00
2.00
195.00
1.00
5.00
7.00
2.00
90.00
43.00
1.00
41.00
1.00
3.00
8.00
10.00
1.00
1.00
1.00
2.00
7.00
32.00
1.00
22.00
35.00
17.00
24.00
55.00
1.00
38.00
1.00
74.00
150.00
83.00
77.00
2.00
168.00
1.00
1.00
3.00
9.00
1.00
1.00
1.00
1.00
176.00
146.00
43.00
77.00
20.00
2.00
67.00
49.00
1.00
20.00
34.00
54.00
15.00
56.00
8.00
9.00
11.00
1.00
4.00
1.00
71.00
3.00
65.00
41.00
184.00
211.00
15.00
52.00
21.00
4.00
201.00
1.00
2.00
3.00
1.00
2.00
4.00
1.00
3.00
1.00
3.00
1.00
39.00
73.00
2.00
6.00
5.00
1.00
7.00
36.00
2.00
27.00
78.00
33.00
36.00
70.00
2.00
7.00
2.00
26.00
2.00
5.00
32.00
2.00
3.00
79.00
30.00
13.00
103.00
24.00
466.00
67.00
3.00
59.00
4.00
17.00
10.00
31.00
55.00
12.00
7.00
50.00
1.00
18.00
1.00
17.00
10.00
35.00
1.00
18.00
22.00
45.00
58.00
4.00
2.00
14.00
43.00
2.00
21.00
14.00
51.00
30.00
32.00
1.00
27.00
149.00
3.00
11.00
334.00
3.00
22.00
41.00
9.00
6.00
1.00
2.00
5.00
1.00
1.00
9.00
1.00
1.00
12.00
22.00
7.00
2.00
5.00
1.00
17.00
23.00
1.00
20.00
2.00
2.00
5.00
2.00
8.00
3.00
15.00
2.00
17.00
41.00
2.00
2.00
1.00
1.00
3.00
2.00
116.00
1.00
25.00
63.00
1.00
195.00
214.00
14.00
26.00
4.00
77.00
2.00
44.00
4.00
37.00
48.00
29.00
27.00
3.00
10.00
1.00
2.00
110.00
23.00
108.00
29.00
126.00
35.00
7.00
25.00
7.00
13.00
98.00
34.00
40.00
31.00
11.00
362.00
91.00
14.00
7.00
2.00
5.00
188.00
42.00
9.00
3.00
5.00
32.00
3.00
57.00
13.00
2.00
5.00
1.00
2.00
40.00
15.00
59.00
58.00
7.00
11.00
23.00
36.00
1.00
91.00
1.00
89.00
2.00
14.00
1.00
297.00
26.00
181.00
17.00
3.00
7.00
1.00
1.00
87.00
4.00
4.00
40.00
20.00
7.00
30.00
36.00
1.00
3.00
1.00
19.00
17.00
40.00
1.00
29.00
8.00
28.00
31.00
3.00
3.00
52.00
4.00
1.00
49.00
19.00
1.00
3.00
2.00
35.00
25.00
3.00
1.00
17.00
1.00
1.00
5.00
7.00
28.00
3.00
51.00
31.00
23.00
463.00
1.00
2.00
8.00
18.00
1.00
13.00
7.00
1.00
10.00
109.00
4.00
2.00
204.00
110.00
1.00
8.00
1.00
1.00
23.00
11.00
24.00
56.00
1.00
2.00
23.00
57.00
94.00
210.00
10.00
108.00
3.00
32.00
1.00
3.00
1.00
188.00
17.00
101.00
3.00
6.00
158.00
1.00
2.00
2.00
3.00
1.00
6.00
31.00
8.00
3.00
14.00
1.00
31.00
2.00
2.00
1.00
3.00
19.00
15.00
37.00
11.00
1.00
3.00
53.00
14.00
4.00
51.00
2.00
16.00
1.00
3.00
8.00
4.00
5.00
1.00
61.00
9.00
3.00
2.00
338.00
2.00
275.00
13.00
2.00
1.00
54.00
2.00
9.00
31.00
5.00
109.00
2.00
13.00
1.00
13.00
7.00
20.00
25.00
17.00
1.00
2.00
7.00
3.00
11.00
14.00
162.00
1.00
27.00
2.00
1.00
15.00
10.00
2.00
3.00
4.00
51.00
1.00
41.00
329.00
69.00
189.00
1.00
9.00
1.00
1.00
34.00
69.00
2.00
9.00
65.00
18.00
11.00
7.00
17.00
23.00
17.00
19.00
39.00
38.00
3.00
5.00
53.00
3.00
7.00
1.00
1.00
41.00
4.00
1.00
6.00
9.00
24.00
11.00
2.00
2.00
64.00
22.00
11.00
96.00
21.00
10.00
45.00
218.00
199.00
61.00
5.00
6.00
210.00
51.00
4.00
16.00
120.00
17.00
39.00
98.00
3.00
13.00
1.00
58.00
1.00
107.00
3.00
86.00
197.00
65.00
2.00
3.00
20.00
1.00
89.00
3.00
78.00
13.00
28.00
1.00
14.00
10.00
106.00
1.00
17.00
3.00
1.00
55.00
40.00
12.00
1.00
16.00
40.00
1.00
15.00
7.00
14.00
26.00
4.00
3.00
5.00
17.00
3.00
1.00
1.00
2.00
13.00
18.00
2.00
1.00
19.00
41.00
17.00
19.00
18.00
4.00
19.00
58.00
11.00
14.00
64.00
5.00
12.00
17.00
2.00
3.00
115.00
114.00
25.00
3.00
13.00
32.00
56.00
17.00
9.00
1.00
133.00
21.00
24.00
37.00
38.00
1.00
1.00
12.00
33.00
2.00
1.00
1.00
1.00
78.00
6.00
1.00
13.00
82.00
1.00
3.00
47.00
1.00
7.00
2.00
3.00
18.00
2.00
20.00
2.00
19.00
14.00
34.00
25.00
1.00
19.00
6.00
7.00
163.00
1.00
8.00
40.00
6.00
2.00
169.00
53.00
38.00
1.00
65.00
19.00
50.00
1.00
1.00
11.00
11.00
3.00
2.00
23.00
1.00
53.00
146.00
36.00
44.00
12.00
4.00
62.00
2.00
154.00
24.00
7.00
20.00
1.00
7.00
1.00
1.00
73.00
22.00
4.00
14.00
5.00
33.00
72.00
4.00
73.00
1.00
6.00
16.00
1.00
116.00
5.00
15.00
14.00
2.00
51.00
1.00
1.00
1.00
18.00
28.00
174.00
6.00
48.00
55.00
23.00
10.00
47.00
12.00
11.00
1.00
2.00
2.00
10.00
24.00
1.00
4.00
2.00
1.00
26.00
49.00
66.00
4.00
5.00
85.00
5.00
1.00
11.00
2.00
22.00
166.00
33.00
19.00
8.00
42.00
195.00
2.00
1.00
100.00
201.00
42.00
42.00
1.00
7.00
11.00
20.00
23.00
1.00
10.00
5.00
2.00
41.00
17.00
7.00
23.00
2.00
2.00
4.00
19.00
11.00
8.00
126.00
38.00
16.00
44.00
3.00
3.00
30.00
29.00
10.00
1.00
25.00
41.00
2.00
48.00
26.00
26.00
16.00
89.00
268.00
1.00
29.00
2.00
2.00
1.00
1.00
92.00
13.00
58.00
15.00
37.00
2.00
20.00
6.00
63.00
2.00
12.00
8.00
24.00
2.00
3.00
56.00
53.00
30.00
1.00
1.00
50.00
7.00
1.00
1.00
20.00
1.00
23.00
15.00
31.00
4.00
11.00
1.00
1.00
1.00
26.00
20.00
15.00
1.00
9.00
15.00
45.00
6.00
32.00
179.00
1.00
23.00
1.00
35.00
1.00
3.00
98.00
2.00
1.00
1.00
38.00
1.00
102.00
4.00
6.00
19.00
7.00
3.00
12.00
11.00
11.00
19.00
3.00
3.00
3.00
3.00
17.00
7.00
7.00
50.00
22.00
3.00
15.00
13.00
4.00
10.00
31.00
33.00
4.00
26.00
4.00
12.00
1.00
37.00
1.00
17.00
13.00
15.00
42.00
25.00
73.00
177.00
103.00
1.00
26.00
142.00
11.00
91.00
148.00
159.00
19.00
16.00
12.00
50.00
3.00
78.00
45.00
45.00
8.00
5.00
9.00
2.00
7.00
9.00
1.00
80.00
26.00
1.00
15.00
1.00
37.00
27.00
8.00
19.00
2.00
146.00
43.00
98.00
4.00
8.00
41.00
25.00
21.00
7.00
39.00
113.00
2.00
1.00
5.00
17.00
1.00
3.00
1.00
232.00
29.00
19.00
6.00
130.00
20.00
11.00
20.00
11.00
2.00
19.00
10.00
1.00
24.00
1.00
11.00
1.00
1.00
17.00
1.00
10.00
1.00
31.00
70.00
328.00
3.00
7.00
22.00
1.00
1.00
24.00
132.00
32.00
1.00
34.00
3.00
75.00
6.00
10.00
1.00
3.00
1.00
18.00
1.00
8.00
33.00
16.00
19.00
38.00
14.00
11.00
21.00
2.00
1.00
8.00
27.00
48.00
40.00
40.00
7.00
12.00
1.00
14.00
24.00
18.00
25.00
7.00
23.00
3.00
27.00
19.00
1.00
7.00
12.00
16.00
43.00
49.00
8.00
40.00
60.00
25.00
83.00
10.00
5.00
1.00
1.00
2.00
64.00
3.00
115.00
55.00
2.00
2.00
3.00
3.00
1.00
3.00
1.00
29.00
3.00
1.00
6.00
21.00
16.00
23.00
1.00
8.00
21.00
1.00
1.00
3.00
27.00
1.00
20.00
38.00
23.00
27.00
1.00
22.00
43.00
58.00
5.00
55.00
5.00
5.00
1.00
14.00
48.00
50.00
41.00
22.00
19.00
23.00
1.00
1.00
1.00
1.00
12.00
14.00
10.00
465.00
7.00
2.00
11.00
8.00
21.00
22.00
34.00
1.00
43.00
6.00
8.00
1.00
20.00
1.00
12.00
12.00
1.00
7.00
5.00
11.00
15.00
1.00
17.00
15.00
19.00
38.00
1.00
1.00
2.00
43.00
32.00
7.00
40.00
1.00
10.00
6.00
53.00
8.00
25.00
1.00
3.00
11.00
53.00
5.00
1.00
37.00
1.00
35.00
35.00
8.00
169.00
27.00
47.00
90.00
3.00
41.00
1.00
31.00
68.00
44.00
46.00
62.00
2.00
87.00
1.00
1.00
6.00
4.00
1.00
1.00
3.00
71.00
20.00
21.00
1.00
59.00
2.00
39.00
24.00
21.00
31.00
27.00
6.00
46.00
3.00
70.00
7.00
2.00
1.00
269.00
1.00
12.00
42.00
38.00
19.00
6.00
14.00
194.00
1.00
76.00
21.00
49.00
3.00
10.00
8.00
1.00
1.00
43.00
29.00
3.00
62.00
1.00
17.00
2.00
29.00
4.00
67.00
1.00
10.00
3.00
50.00
3.00
15.00
39.00
60.00
1.00
5.00
92.00
1.00
15.00
5.00
142.00
191.00
2.00
135.00
32.00
1.00
14.00
1.00
1.00
30.00
35.00
26.00
10.00
1.00
51.00
17.00
10.00
12.00
1.00
18.00
17.00
1.00
19.00
1.00
10.00
1.00
4.00
1.00
4.00
1.00
1.00
1.00
18.00
