47.00
1.00
14.00
30.00
3.00
26.00
13.00
2.00
64.00
77.00
2.00
393.00
98.00
46.00
76.00
3.00
25.00
19.00
1.00
56.00
1.00
11.00
36.00
9.00
61.00
1.00
51.00
60.00
80.00
1.00
14.00
58.00
1.00
1.00
21.00
7.00
10.00
18.00
40.00
1.00
18.00
31.00
7.00
33.00
1.00
11.00
6.00
22.00
1.00
17.00
67.00
2.00
61.00
126.00
85.00
26.00
17.00
7.00
183.00
1.00
39.00
42.00
80.00
34.00
47.00
40.00
1.00
104.00
9.00
10.00
13.00
49.00
51.00
9.00
1.00
11.00
80.00
1.00
6.00
4.00
45.00
10.00
9.00
16.00
21.00
38.00
76.00
1.00
4.00
100.00
1.00
186.00
36.00
19.00
35.00
1.00
2.00
53.00
1.00
373.00
108.00
65.00
24.00
3.00
4.00
19.00
35.00
12.00
15.00
25.00
2.00
17.00
13.00
56.00
81.00
343.00
4.00
45.00
2.00
1.00
1.00
133.00
152.00
37.00
1.00
9.00
1.00
11.00
3.00
1.00
1.00
11.00
34.00
25.00
1.00
38.00
1.00
17.00
24.00
59.00
38.00
73.00
150.00
86.00
57.00
23.00
170.00
20.00
2.00
1.00
10.00
149.00
50.00
20.00
35.00
1.00
1.00
71.00
78.00
19.00
1.00
121.00
3.00
56.00
53.00
69.00
1.00
9.00
22.00
1.00
4.00
35.00
106.00
40.00
82.00
330.00
2.00
40.00
5.00
18.00
5.00
187.00
21.00
7.00
55.00
59.00
6.00
1.00
8.00
36.00
3.00
2.00
24.00
83.00
35.00
32.00
72.00
4.00
9.00
29.00
13.00
1.00
32.00
5.00
84.00
29.00
15.00
102.00
293.00
194.00
55.00
3.00
10.00
20.00
20.00
8.00
3.00
18.00
2.00
6.00
31.00
51.00
11.00
7.00
54.00
19.00
2.00
21.00
1.00
9.00
4.00
1.00
2.00
36.00
15.00
1.00
1.00
23.00
45.00
56.00
9.00
6.00
15.00
36.00
5.00
28.00
13.00
1.00
50.00
30.00
16.00
18.00
30.00
130.00
39.00
23.00
185.00
2.00
105.00
15.00
1.00
42.00
8.00
25.00
15.00
5.00
1.00
13.00
11.00
10.00
6.00
3.00
4.00
14.00
22.00
48.00
6.00
7.00
2.00
14.00
23.00
70.00
3.00
1.00
4.00
1.00
1.00
19.00
57.00
40.00
27.00
64.00
1.00
14.00
97.00
83.00
1.00
150.00
45.00
13.00
42.00
5.00
22.00
20.00
28.00
44.00
1.00
10.00
22.00
2.00
1.00
34.00
1.00
29.00
10.00
6.00
10.00
1.00
138.00
108.00
30.00
126.00
35.00
8.00
25.00
1.00
1.00
10.00
108.00
34.00
40.00
31.00
377.00
1.00
75.00
1.00
15.00
1.00
4.00
27.00
1.00
156.00
46.00
17.00
8.00
39.00
79.00
5.00
12.00
25.00
15.00
1.00
26.00
33.00
11.00
55.00
11.00
59.00
1.00
78.00
12.00
90.00
18.00
400.00
102.00
16.00
50.00
1.00
26.00
1.00
2.00
10.00
56.00
10.00
1.00
32.00
38.00
31.00
16.00
48.00
1.00
30.00
9.00
31.00
28.00
9.00
54.00
50.00
19.00
6.00
40.00
27.00
5.00
1.00
19.00
13.00
7.00
28.00
6.00
2.00
51.00
32.00
353.00
135.00
11.00
23.00
16.00
36.00
1.00
2.00
58.00
2.00
315.00
9.00
27.00
14.00
26.00
59.00
4.00
2.00
13.00
9.00
50.00
4.00
1.00
1.00
310.00
122.00
8.00
32.00
3.00
3.00
24.00
1.00
156.00
1.00
7.00
63.00
2.00
27.00
161.00
1.00
2.00
1.00
1.00
18.00
33.00
9.00
3.00
13.00
32.00
5.00
4.00
21.00
53.00
2.00
9.00
9.00
69.00
7.00
51.00
4.00
24.00
18.00
2.00
63.00
17.00
202.00
138.00
81.00
200.00
2.00
3.00
55.00
2.00
8.00
1.00
27.00
3.00
115.00
16.00
7.00
9.00
20.00
25.00
20.00
9.00
5.00
14.00
1.00
14.00
10.00
54.00
48.00
1.00
43.00
23.00
1.00
4.00
15.00
9.00
3.00
6.00
4.00
98.00
329.00
91.00
168.00
2.00
14.00
31.00
1.00
17.00
62.00
10.00
60.00
9.00
2.00
13.00
10.00
1.00
1.00
19.00
26.00
18.00
58.00
39.00
8.00
23.00
28.00
4.00
9.00
44.00
4.00
1.00
8.00
10.00
25.00
18.00
67.00
21.00
107.00
22.00
344.00
133.00
60.00
71.00
144.00
49.00
27.00
139.00
3.00
41.00
98.00
13.00
61.00
106.00
4.00
1.00
1.00
89.00
189.00
8.00
19.00
46.00
21.00
32.00
3.00
1.00
41.00
5.00
20.00
54.00
7.00
28.00
12.00
1.00
108.00
21.00
1.00
96.00
14.00
2.00
16.00
40.00
18.00
10.00
14.00
25.00
5.00
1.00
4.00
28.00
1.00
6.00
36.00
6.00
25.00
53.00
42.00
10.00
14.00
55.00
1.00
11.00
1.00
13.00
73.00
2.00
20.00
16.00
5.00
116.00
58.00
57.00
3.00
1.00
20.00
1.00
41.00
83.00
7.00
10.00
1.00
100.00
12.00
1.00
2.00
47.00
78.00
17.00
4.00
40.00
2.00
80.00
1.00
6.00
1.00
14.00
88.00
4.00
48.00
11.00
3.00
18.00
4.00
1.00
6.00
11.00
18.00
50.00
1.00
26.00
21.00
7.00
7.00
165.00
11.00
48.00
3.00
206.00
2.00
16.00
31.00
64.00
69.00
21.00
1.00
4.00
20.00
47.00
125.00
21.00
81.00
16.00
39.00
23.00
159.00
23.00
1.00
7.00
21.00
3.00
13.00
98.00
5.00
14.00
9.00
62.00
52.00
75.00
8.00
15.00
121.00
35.00
57.00
3.00
24.00
1.00
2.00
97.00
88.00
11.00
36.00
1.00
56.00
24.00
12.00
44.00
14.00
13.00
8.00
27.00
2.00
14.00
27.00
108.00
8.00
5.00
1.00
5.00
91.00
3.00
2.00
8.00
2.00
1.00
25.00
166.00
35.00
270.00
1.00
3.00
2.00
16.00
1.00
1.00
71.00
2.00
44.00
139.00
45.00
39.00
5.00
33.00
3.00
21.00
12.00
5.00
1.00
21.00
37.00
1.00
36.00
5.00
3.00
25.00
21.00
128.00
39.00
1.00
14.00
44.00
43.00
29.00
12.00
34.00
41.00
1.00
22.00
23.00
1.00
26.00
27.00
18.00
90.00
1.00
263.00
2.00
33.00
1.00
3.00
93.00
15.00
4.00
50.00
53.00
5.00
3.00
22.00
71.00
7.00
21.00
23.00
3.00
6.00
33.00
22.00
54.00
32.00
52.00
1.00
9.00
1.00
2.00
21.00
25.00
15.00
31.00
11.00
5.00
54.00
2.00
18.00
25.00
1.00
48.00
9.00
166.00
41.00
26.00
1.00
1.00
24.00
107.00
38.00
102.00
27.00
1.00
12.00
1.00
11.00
42.00
6.00
12.00
3.00
7.00
8.00
1.00
51.00
25.00
3.00
4.00
15.00
17.00
15.00
31.00
8.00
1.00
32.00
31.00
5.00
14.00
37.00
18.00
14.00
15.00
68.00
1.00
71.00
1.00
178.00
241.00
35.00
8.00
3.00
27.00
2.00
54.00
55.00
1.00
83.00
39.00
14.00
106.00
39.00
14.00
1.00
55.00
78.00
44.00
45.00
9.00
11.00
6.00
22.00
1.00
1.00
113.00
19.00
1.00
1.00
3.00
7.00
58.00
1.00
9.00
23.00
148.00
38.00
99.00
51.00
3.00
2.00
3.00
1.00
23.00
3.00
10.00
1.00
22.00
69.00
35.00
1.00
1.00
1.00
15.00
15.00
257.00
17.00
4.00
1.00
136.00
15.00
44.00
5.00
34.00
1.00
24.00
13.00
19.00
11.00
25.00
450.00
26.00
2.00
23.00
7.00
98.00
29.00
37.00
77.00
1.00
10.00
2.00
1.00
1.00
4.00
1.00
20.00
1.00
10.00
35.00
17.00
23.00
41.00
19.00
1.00
1.00
36.00
8.00
28.00
50.00
41.00
42.00
7.00
12.00
14.00
24.00
19.00
1.00
1.00
21.00
11.00
2.00
23.00
31.00
19.00
1.00
7.00
32.00
47.00
50.00
50.00
61.00
40.00
61.00
93.00
43.00
127.00
1.00
2.00
3.00
21.00
6.00
19.00
17.00
1.00
26.00
10.00
21.00
4.00
1.00
4.00
27.00
19.00
44.00
53.00
73.00
2.00
67.00
56.00
7.00
2.00
16.00
2.00
19.00
25.00
51.00
4.00
42.00
21.00
19.00
23.00
9.00
1.00
3.00
13.00
1.00
16.00
47.00
425.00
22.00
1.00
22.00
105.00
6.00
10.00
20.00
4.00
2.00
5.00
2.00
26.00
3.00
3.00
30.00
3.00
33.00
6.00
14.00
64.00
3.00
77.00
49.00
1.00
2.00
2.00
10.00
8.00
56.00
9.00
1.00
1.00
25.00
3.00
1.00
13.00
56.00
1.00
1.00
3.00
33.00
37.00
46.00
198.00
46.00
1.00
78.00
39.00
13.00
85.00
44.00
23.00
13.00
11.00
46.00
97.00
8.00
6.00
3.00
72.00
44.00
1.00
60.00
4.00
41.00
5.00
17.00
22.00
1.00
31.00
29.00
66.00
68.00
16.00
273.00
19.00
75.00
1.00
13.00
1.00
2.00
14.00
198.00
60.00
17.00
67.00
11.00
2.00
10.00
10.00
1.00
4.00
39.00
3.00
1.00
31.00
1.00
7.00
57.00
2.00
5.00
13.00
5.00
30.00
17.00
50.00
15.00
5.00
1.00
50.00
14.00
104.00
6.00
99.00
1.00
6.00
6.00
504.00
2.00
10.00
2.00
1.00
2.00
2.00
18.00
1.00
79.00
28.00
22.00
45.00
67.00
14.00
3.00
6.00
7.00
2.00
1.00
18.00
