36
22
26
31
10
7
5
5
15
5
17
20
17
11
36
16
18
0
0
12
4
0
2
19
5
11
21
2
0
0
6
1
9
23
53
31
23
8
6
11
5
12
0
1
7
14
18
24
27
22
4
0
1
0
10
0
27
10
52
10
11
59
16
13
5
0
0
0
4
24
14
35
23
28
44
25
8
7
0
0
7
55
64
50
38
2
16
0
6
0
16
12
5
18
15
4
11
25
6
9
0
0
7
19
0
16
10
32
14
11
8
7
0
1
2
8
6
22
29
22
14
34
31
6
0
0
0
30
1
13
1
17
17
23
2
0
6
19
0
8
14
1
67
47
29
18
23
9
0
1
2
0
19
9
40
42
1
15
25
6
0
1
1
3
10
17
53
20
36
25
6
13
7
0
2
2
4
0
21
3
19
12
8
15
0
2
9
5
18
17
23
21
31
21
17
41
9
3
7
11
20
22
18
34
26
19
16
9
10
1
7
9
14
0
18
12
6
25
20
7
13
8
25
0
12
14
37
27
10
28
0
8
3
14
3
0
5
29
28
21
9
25
18
20
18
3
0
30
5
27
35
39
16
27
19
35
7
5
19
14
5
34
37
49
24
14
12
0
3
3
3
1
3
0
31
28
13
27
27
13
1
5
15
2
13
0
13
0
26
34
3
0
0
11
7
12
30
46
41
34
24
31
44
23
4
3
17
1
31
33
38
24
22
25
26
35
19
0
0
0
25
25
51
29
17
31
45
17
7
1
9
8
6
6
25
11
21
18
21
12
0
4
20
0
11
26
53
33
18
29
11
8
8
1
2
1
28
12
42
72
