48
39
15
46
3
3
2
6
17
48
20
25
14
33
14
12
6
18
1
21
32
48
19
0
26
20
6
8
0
17
22
10
1
58
11
45
29
25
13
6
21
3
22
17
46
19
13
15
51
24
2
1
4
5
54
9
17
12
40
45
50
11
25
0
9
20
28
6
17
18
15
24
19
11
0
0
6
7
15
12
3
11
14
14
5
5
10
7
5
7
9
24
34
15
12
13
13
12
22
1
27
25
1
8
20
64
11
61
22
8
21
24
47
24
66
41
13
16
36
34
18
21
1
20
41
22
39
37
19
44
16
17
9
0
1
23
17
14
11
40
39
14
23
11
2
13
10
47
19
2
8
26
48
32
22
7
7
15
10
21
47
26
34
14
13
9
2
0
23
10
14
36
10
5
18
31
55
33
25
0
0
1
21
13
16
30
25
5
9
65
30
12
1
55
18
39
47
69
76
70
37
12
35
1
6
18
25
8
13
0
14
13
1
5
22
2
19
26
38
14
50
21
33
52
21
1
23
14
28
28
8
39
81
37
29
54
15
6
0
19
11
15
12
52
40
39
9
20
10
2
10
30
30
25
16
46
25
25
29
5
5
2
7
45
23
6
44
32
29
18
17
24
0
8
20
33
42
14
34
14
51
14
25
12
18
3
2
73
30
12
73
41
64
28
12
15
0
4
33
18
23
38
31
39
49
42
1
24
2
13
19
0
36
50
24
56
39
11
0
6
26
1
26
23
22
41
15
3
16
18
29
8
0
30
43
15
47
41
27
29
22
7
11
25
39
48
29
8
43
65
26
12
24
0
15
9
7
67
59
11
