47.00
21.00
669.00
516.00
157.00
4.00
1.00
9.00
104.00
2.00
21.00
336.00
4.00
189.00
330.00
2.00
312.00
107.00
1.00
154.00
105.00
5.00
169.00
935.00
1056.00
258.00
3.00
9.00
1.00
80.00
81.00
135.00
1309.00
1.00
200.00
916.00
163.00
28.00
10.00
156.00
40.00
107.00
7.00
42.00
15.00
1.00
35.00
5.00
90.00
36.00
784.00
14.00
484.00
19.00
90.00
775.00
9.00
48.00
106.00
15.00
90.00
17.00
13.00
22.00
5.00
64.00
6.00
1.00
790.00
1753.00
8.00
1.00
4.00
7.00
204.00
127.00
181.00
1.00
435.00
427.00
77.00
122.00
71.00
231.00
734.00
165.00
386.00
1011.00
3.00
258.00
8.00
17.00
64.00
4.00
27.00
72.00
3.00
4.00
72.00
5.00
58.00
851.00
2.00
1.00
167.00
1.00
2.00
48.00
98.00
11.00
196.00
85.00
934.00
17.00
19.00
20.00
1.00
55.00
116.00
149.00
9.00
39.00
223.00
867.00
161.00
237.00
1.00
483.00
700.00
4.00
56.00
16.00
4.00
2.00
82.00
241.00
640.00
2.00
21.00
185.00
86.00
132.00
60.00
17.00
53.00
152.00
648.00
123.00
7.00
316.00
193.00
7.00
33.00
114.00
547.00
184.00
55.00
222.00
38.00
11.00
152.00
101.00
1.00
933.00
81.00
26.00
68.00
10.00
285.00
44.00
50.00
133.00
53.00
856.00
13.00
71.00
170.00
51.00
26.00
209.00
348.00
4.00
346.00
44.00
148.00
28.00
9.00
60.00
34.00
4.00
1.00
1.00
2.00
39.00
1.00
772.00
550.00
138.00
59.00
33.00
11.00
150.00
714.00
296.00
6.00
153.00
95.00
1.00
601.00
325.00
1.00
45.00
81.00
66.00
28.00
46.00
347.00
8.00
97.00
19.00
34.00
537.00
188.00
64.00
2.00
7.00
35.00
60.00
134.00
75.00
59.00
158.00
174.00
731.00
3.00
37.00
36.00
28.00
61.00
182.00
2.00
12.00
140.00
14.00
449.00
512.00
15.00
123.00
67.00
46.00
46.00
505.00
349.00
107.00
57.00
17.00
18.00
1.00
8.00
5.00
2.00
99.00
72.00
149.00
2.00
7.00
178.00
469.00
201.00
1.00
197.00
36.00
1.00
1.00
75.00
17.00
22.00
10.00
