22
24
3
1
10
0
0
0
0
10
14
13
0
35
9
14
0
0
0
0
0
0
24
0
20
39
10
0
0
0
0
0
0
15
0
23
0
34
22
26
2
0
0
0
0
6
16
12
22
0
22
7
0
0
0
0
0
8
34
17
13
3
7
9
0
0
0
0
8
1
0
22
22
31
28
27
0
0
0
0
0
13
25
3
21
5
18
5
0
0
0
0
0
7
27
8
27
11
10
16
5
0
0
0
6
13
12
5
37
30
6
3
0
0
0
0
0
16
11
0
0
13
6
0
3
0
0
0
0
8
33
0
20
18
0
5
0
0
0
0
0
26
1
6
34
30
11
16
0
0
0
0
4
0
10
20
45
43
9
9
0
0
0
0
29
27
13
39
49
38
22
6
0
0
0
0
0
0
3
15
31
20
15
7
0
0
0
0
11
0
8
28
44
34
12
7
4
0
0
0
2
12
45
25
31
37
4
20
1
0
0
0
0
33
0
27
39
0
6
3
0
0
0
0
12
0
30
15
48
34
12
10
0
0
0
0
1
2
10
8
9
14
25
8
0
0
0
5
6
0
12
42
50
46
33
8
0
0
0
0
5
20
0
37
29
9
6
0
2
0
0
0
0
18
11
22
31
45
4
12
1
0
0
0
0
41
5
4
20
24
35
6
3
0
0
0
0
3
9
13
41
37
11
7
1
0
0
0
12
54
6
23
25
41
14
37
10
0
0
0
8
29
4
23
14
26
20
9
4
3
0
0
0
47
40
23
33
93
18
5
7
0
0
0
8
14
29
6
4
64
33
16
11
0
0
0
4
10
22
12
