164.00
1009.00
89.00
176.00
193.00
6.00
8.00
1021.00
23.00
75.00
236.00
5.00
45.00
95.00
886.00
7.00
201.00
5.00
216.00
168.00
86.00
5.00
651.00
82.00
5.00
97.00
122.00
326.00
880.00
14.00
62.00
25.00
73.00
603.00
565.00
12.00
23.00
93.00
4.00
242.00
71.00
145.00
132.00
85.00
687.00
30.00
105.00
25.00
490.00
765.00
4.00
2.00
115.00
13.00
116.00
208.00
2.00
305.00
650.00
36.00
91.00
176.00
248.00
779.00
106.00
42.00
72.00
144.00
264.00
1089.00
6.00
13.00
8.00
153.00
1117.00
10.00
296.00
109.00
56.00
12.00
129.00
698.00
1.00
240.00
75.00
223.00
3.00
46.00
4.00
58.00
6.00
760.00
12.00
34.00
26.00
80.00
155.00
92.00
30.00
1.00
27.00
40.00
1.00
42.00
74.00
39.00
404.00
765.00
29.00
997.00
30.00
233.00
34.00
108.00
11.00
73.00
82.00
831.00
113.00
11.00
23.00
46.00
18.00
61.00
16.00
3.00
193.00
51.00
14.00
377.00
509.00
62.00
21.00
211.00
165.00
937.00
42.00
171.00
28.00
3.00
198.00
1.00
99.00
14.00
74.00
813.00
320.00
409.00
665.00
2.00
399.00
22.00
90.00
25.00
29.00
98.00
14.00
788.00
20.00
9.00
1.00
87.00
158.00
27.00
3.00
3.00
1131.00
17.00
237.00
186.00
5.00
3.00
995.00
13.00
24.00
2.00
369.00
108.00
4.00
65.00
1142.00
91.00
68.00
839.00
82.00
8.00
2.00
27.00
1.00
211.00
65.00
58.00
69.00
52.00
225.00
37.00
1.00
554.00
69.00
38.00
172.00
85.00
218.00
455.00
376.00
3.00
1.00
89.00
14.00
30.00
5.00
33.00
6.00
1.00
103.00
4.00
88.00
39.00
27.00
11.00
2.00
35.00
373.00
477.00
1.00
5.00
9.00
33.00
87.00
60.00
31.00
283.00
2.00
65.00
2.00
4.00
767.00
142.00
