58.00
1021.00
30.00
131.00
23.00
4.00
267.00
2.00
1005.00
166.00
12.00
80.00
85.00
2.00
3.00
141.00
13.00
286.00
293.00
2.00
248.00
102.00
70.00
72.00
68.00
1.00
4.00
13.00
2.00
6.00
6.00
39.00
3.00
1.00
111.00
107.00
463.00
266.00
70.00
74.00
73.00
230.00
50.00
79.00
378.00
441.00
2.00
124.00
61.00
37.00
116.00
89.00
7.00
65.00
4.00
4.00
2.00
37.00
5.00
766.00
214.00
11.00
160.00
8.00
53.00
8.00
2.00
71.00
79.00
2.00
23.00
34.00
273.00
522.00
2.00
67.00
14.00
106.00
64.00
169.00
101.00
31.00
980.00
101.00
116.00
1.00
43.00
56.00
5.00
147.00
771.00
1.00
248.00
110.00
305.00
788.00
36.00
78.00
43.00
34.00
11.00
13.00
51.00
48.00
101.00
92.00
55.00
3.00
2.00
746.00
84.00
254.00
1.00
6.00
51.00
339.00
114.00
39.00
560.00
33.00
1.00
69.00
52.00
325.00
223.00
5.00
33.00
1.00
49.00
423.00
237.00
41.00
1.00
175.00
31.00
5.00
21.00
2.00
43.00
2.00
303.00
451.00
4.00
318.00
88.00
30.00
331.00
4.00
9.00
65.00
6.00
92.00
691.00
331.00
1137.00
92.00
126.00
144.00
61.00
2.00
10.00
2.00
11.00
71.00
8.00
12.00
59.00
125.00
12.00
664.00
49.00
60.00
182.00
1320.00
2.00
83.00
9.00
20.00
2.00
84.00
1.00
25.00
87.00
51.00
6.00
1085.00
50.00
347.00
1.00
17.00
723.00
37.00
27.00
32.00
448.00
6.00
39.00
1.00
30.00
1.00
799.00
29.00
102.00
96.00
10.00
21.00
205.00
879.00
117.00
14.00
92.00
9.00
86.00
2.00
48.00
3.00
76.00
2.00
5.00
6.00
90.00
110.00
49.00
630.00
48.00
167.00
297.00
106.00
16.00
141.00
743.00
52.00
40.00
10.00
68.00
6.00
46.00
56.00
126.00
11.00
983.00
17.00
52.00
36.00
32.00
6.00
16.00
2.00
19.00
31.00
69.00
