29
31
24
9
10
0
17
0
26
20
55
15
34
7
10
41
0
5
12
1
14
12
26
34
28
34
23
22
7
3
19
37
32
55
26
74
69
52
35
8
0
6
11
0
64
28
37
5
35
41
28
34
18
21
10
9
33
47
49
33
67
30
23
9
2
0
0
16
5
37
16
74
42
81
26
0
6
18
14
20
46
27
59
18
18
67
42
13
0
0
10
4
21
29
42
26
45
28
9
22
14
0
1
1
39
33
34
37
34
33
43
19
0
13
19
5
49
49
39
34
32
74
41
15
12
0
20
10
9
2
38
41
1
22
17
36
6
22
0
5
44
19
20
36
46
30
58
1
8
0
31
1
62
39
49
68
21
11
38
4
27
4
12
2
44
44
37
28
72
48
42
19
3
0
9
15
38
51
38
8
16
10
5
18
9
14
9
1
32
19
30
39
62
49
49
1
0
8
3
0
44
22
18
21
0
16
18
0
5
2
5
21
27
53
56
50
51
44
5
5
7
0
5
12
18
27
64
20
15
47
21
58
0
13
0
28
58
18
11
52
63
40
19
9
0
0
0
18
47
75
50
7
41
30
16
28
0
0
0
11
27
60
33
69
60
28
47
12
0
1
0
24
38
8
23
23
40
35
19
2
13
1
19
2
20
60
70
45
48
27
22
0
1
11
0
9
25
40
83
21
0
0
0
0
0
0
0
0
0
0
0
0
0
0
0
0
0
0
0
0
0
0
0
0
0
0
0
0
0
0
0
0
0
0
0
0
0
0
0
0
0
0
0
0
0
0
0
0
0
0
0
0
0
0
0
0
0
0
0
0
