22.00
22.00
3.00
7.00
1.00
2.00
12.00
44.00
12.00
20.00
33.00
27.00
76.00
1.00
59.00
18.00
7.00
85.00
201.00
2.00
65.00
60.00
54.00
47.00
1.00
16.00
14.00
6.00
12.00
10.00
2.00
7.00
1.00
1.00
33.00
28.00
5.00
12.00
33.00
28.00
16.00
29.00
6.00
20.00
24.00
39.00
6.00
6.00
9.00
7.00
2.00
17.00
13.00
1.00
6.00
48.00
34.00
43.00
80.00
1.00
409.00
55.00
41.00
31.00
4.00
24.00
18.00
8.00
4.00
1.00
58.00
65.00
2.00
27.00
3.00
9.00
13.00
41.00
6.00
1.00
6.00
8.00
25.00
23.00
10.00
35.00
4.00
59.00
54.00
33.00
4.00
45.00
82.00
67.00
7.00
8.00
7.00
2.00
96.00
294.00
8.00
1.00
10.00
1.00
12.00
2.00
5.00
4.00
1.00
2.00
56.00
1.00
2.00
25.00
12.00
74.00
17.00
2.00
76.00
12.00
4.00
8.00
12.00
68.00
53.00
2.00
32.00
1.00
3.00
7.00
43.00
2.00
21.00
28.00
46.00
12.00
8.00
3.00
22.00
36.00
39.00
174.00
160.00
50.00
4.00
33.00
15.00
1.00
14.00
25.00
13.00
16.00
36.00
5.00
19.00
22.00
3.00
21.00
39.00
22.00
15.00
11.00
60.00
1.00
42.00
8.00
20.00
27.00
7.00
20.00
17.00
4.00
10.00
27.00
16.00
31.00
6.00
79.00
16.00
24.00
268.00
45.00
94.00
105.00
4.00
6.00
2.00
2.00
3.00
10.00
5.00
23.00
18.00
56.00
27.00
1.00
8.00
6.00
11.00
10.00
24.00
6.00
5.00
3.00
1.00
52.00
7.00
7.00
25.00
1.00
19.00
18.00
18.00
4.00
30.00
3.00
40.00
9.00
6.00
2.00
16.00
1.00
48.00
63.00
3.00
19.00
1.00
22.00
8.00
28.00
12.00
52.00
113.00
1.00
110.00
39.00
57.00
8.00
6.00
5.00
21.00
52.00
39.00
13.00
11.00
4.00
3.00
3.00
2.00
11.00
6.00
20.00
10.00
36.00
9.00
10.00
2.00
19.00
18.00
1.00
11.00
18.00
29.00
27.00
23.00
15.00
8.00
41.00
70.00
35.00
69.00
1.00
58.00
12.00
68.00
50.00
232.00
57.00
37.00
36.00
11.00
12.00
47.00
51.00
12.00
4.00
9.00
2.00
8.00
19.00
19.00
13.00
1.00
10.00
1.00
4.00
20.00
41.00
4.00
26.00
21.00
12.00
29.00
55.00
63.00
28.00
18.00
198.00
16.00
61.00
10.00
217.00
14.00
21.00
60.00
48.00
35.00
47.00
4.00
90.00
2.00
4.00
1.00
12.00
28.00
26.00
18.00
11.00
36.00
14.00
9.00
6.00
56.00
9.00
28.00
2.00
52.00
59.00
25.00
9.00
48.00
29.00
2.00
104.00
26.00
47.00
173.00
2.00
96.00
29.00
2.00
1.00
15.00
35.00
12.00
34.00
1.00
13.00
12.00
7.00
11.00
29.00
1.00
2.00
1.00
6.00
4.00
29.00
1.00
4.00
13.00
8.00
1.00
2.00
3.00
35.00
29.00
4.00
1.00
9.00
37.00
43.00
2.00
29.00
15.00
10.00
6.00
19.00
48.00
2.00
13.00
66.00
2.00
35.00
94.00
2.00
139.00
70.00
111.00
103.00
10.00
30.00
1.00
11.00
1.00
1.00
10.00
22.00
1.00
33.00
19.00
39.00
52.00
2.00
30.00
7.00
49.00
2.00
4.00
4.00
2.00
2.00
10.00
3.00
4.00
56.00
20.00
40.00
38.00
4.00
62.00
5.00
19.00
1.00
89.00
7.00
66.00
38.00
49.00
352.00
37.00
11.00
77.00
13.00
12.00
7.00
67.00
30.00
23.00
6.00
7.00
109.00
1.00
40.00
52.00
1.00
39.00
14.00
14.00
44.00
17.00
13.00
5.00
36.00
8.00
18.00
37.00
22.00
13.00
18.00
10.00
3.00
431.00
39.00
32.00
50.00
24.00
1.00
3.00
12.00
35.00
2.00
15.00
6.00
5.00
30.00
84.00
14.00
1.00
26.00
4.00
4.00
124.00
1.00
15.00
31.00
36.00
3.00
7.00
7.00
11.00
192.00
8.00
26.00
1.00
385.00
1.00
30.00
1.00
20.00
16.00
1.00
1.00
1.00
20.00
2.00
11.00
1.00
1.00
3.00
17.00
14.00
2.00
6.00
13.00
18.00
1.00
5.00
12.00
7.00
1.00
10.00
17.00
3.00
6.00
9.00
14.00
32.00
3.00
10.00
8.00
11.00
13.00
7.00
4.00
34.00
3.00
2.00
2.00
79.00
19.00
2.00
14.00
11.00
1.00
13.00
1.00
12.00
18.00
4.00
56.00
3.00
43.00
2.00
77.00
18.00
9.00
88.00
36.00
1.00
120.00
1.00
67.00
173.00
10.00
5.00
2.00
70.00
6.00
8.00
3.00
6.00
3.00
2.00
1.00
1.00
12.00
2.00
27.00
12.00
5.00
38.00
3.00
3.00
10.00
13.00
23.00
59.00
16.00
11.00
5.00
8.00
25.00
11.00
3.00
1.00
5.00
27.00
1.00
5.00
4.00
9.00
84.00
3.00
34.00
18.00
10.00
300.00
160.00
2.00
1.00
67.00
11.00
35.00
3.00
7.00
93.00
19.00
12.00
9.00
23.00
30.00
11.00
6.00
24.00
12.00
50.00
2.00
13.00
5.00
7.00
8.00
18.00
8.00
1.00
2.00
15.00
21.00
6.00
5.00
2.00
69.00
3.00
42.00
31.00
24.00
33.00
28.00
19.00
94.00
203.00
7.00
33.00
1.00
6.00
66.00
8.00
12.00
19.00
6.00
25.00
39.00
26.00
1.00
14.00
5.00
60.00
1.00
1.00
11.00
20.00
29.00
1.00
1.00
2.00
20.00
36.00
5.00
19.00
37.00
62.00
1.00
66.00
3.00
1.00
88.00
11.00
19.00
1.00
293.00
1.00
1.00
6.00
1.00
19.00
45.00
108.00
23.00
18.00
12.00
3.00
2.00
5.00
4.00
22.00
25.00
1.00
6.00
25.00
18.00
48.00
53.00
1.00
49.00
10.00
74.00
7.00
12.00
24.00
16.00
2.00
24.00
8.00
4.00
7.00
10.00
1.00
28.00
3.00
2.00
29.00
26.00
1.00
71.00
302.00
85.00
3.00
117.00
21.00
12.00
1.00
32.00
7.00
9.00
28.00
76.00
62.00
40.00
1.00
4.00
11.00
19.00
68.00
15.00
4.00
2.00
1.00
33.00
4.00
32.00
6.00
4.00
1.00
34.00
16.00
20.00
26.00
6.00
33.00
8.00
42.00
24.00
163.00
43.00
2.00
1.00
261.00
50.00
1.00
13.00
66.00
27.00
11.00
4.00
9.00
15.00
25.00
1.00
3.00
2.00
6.00
24.00
12.00
15.00
17.00
1.00
17.00
17.00
23.00
3.00
1.00
26.00
9.00
6.00
13.00
7.00
10.00
34.00
69.00
16.00
1.00
38.00
31.00
254.00
50.00
2.00
14.00
78.00
38.00
13.00
2.00
1.00
1.00
69.00
1.00
3.00
1.00
27.00
18.00
15.00
1.00
5.00
36.00
17.00
26.00
2.00
10.00
36.00
13.00
6.00
6.00
10.00
16.00
14.00
13.00
51.00
4.00
3.00
13.00
5.00
38.00
17.00
16.00
42.00
4.00
44.00
46.00
1.00
8.00
40.00
13.00
157.00
13.00
311.00
2.00
1.00
7.00
13.00
91.00
28.00
5.00
4.00
38.00
27.00
39.00
1.00
1.00
14.00
35.00
2.00
1.00
69.00
24.00
6.00
9.00
2.00
14.00
36.00
2.00
2.00
1.00
53.00
4.00
4.00
1.00
90.00
6.00
33.00
43.00
116.00
45.00
35.00
34.00
5.00
1.00
113.00
31.00
1.00
42.00
5.00
1.00
144.00
10.00
14.00
21.00
19.00
8.00
10.00
33.00
27.00
16.00
1.00
5.00
12.00
1.00
7.00
15.00
7.00
8.00
2.00
5.00
1.00
4.00
17.00
3.00
2.00
3.00
147.00
97.00
16.00
10.00
81.00
12.00
1.00
6.00
42.00
2.00
81.00
43.00
251.00
105.00
20.00
29.00
23.00
1.00
2.00
1.00
1.00
2.00
35.00
10.00
15.00
3.00
5.00
17.00
62.00
22.00
39.00
33.00
2.00
10.00
6.00
3.00
5.00
5.00
21.00
2.00
2.00
5.00
12.00
20.00
8.00
26.00
5.00
9.00
35.00
7.00
3.00
45.00
28.00
16.00
38.00
14.00
40.00
185.00
92.00
62.00
3.00
1.00
1.00
82.00
70.00
42.00
1.00
1.00
15.00
4.00
39.00
103.00
1.00
22.00
4.00
44.00
22.00
24.00
6.00
118.00
53.00
2.00
35.00
17.00
5.00
4.00
45.00
1.00
63.00
1.00
85.00
28.00
23.00
273.00
15.00
3.00
94.00
47.00
1.00
42.00
5.00
26.00
2.00
17.00
2.00
1.00
2.00
11.00
37.00
47.00
26.00
38.00
5.00
9.00
4.00
2.00
10.00
35.00
1.00
1.00
1.00
34.00
42.00
11.00
22.00
1.00
10.00
24.00
4.00
2.00
21.00
5.00
3.00
203.00
20.00
235.00
158.00
1.00
3.00
49.00
20.00
26.00
44.00
23.00
8.00
13.00
19.00
27.00
22.00
11.00
1.00
1.00
1.00
29.00
19.00
7.00
8.00
6.00
10.00
24.00
44.00
17.00
24.00
74.00
21.00
12.00
58.00
14.00
20.00
3.00
2.00
2.00
7.00
9.00
2.00
18.00
28.00
44.00
20.00
62.00
172.00
16.00
50.00
62.00
31.00
77.00
46.00
4.00
1.00
9.00
42.00
8.00
2.00
38.00
37.00
3.00
1.00
7.00
4.00
27.00
39.00
22.00
5.00
87.00
105.00
23.00
11.00
1.00
38.00
53.00
3.00
2.00
11.00
25.00
8.00
38.00
2.00
32.00
87.00
16.00
287.00
47.00
63.00
17.00
18.00
3.00
1.00
2.00
20.00
37.00
69.00
20.00
6.00
1.00
31.00
22.00
14.00
15.00
33.00
2.00
7.00
41.00
1.00
12.00
8.00
11.00
1.00
50.00
30.00
77.00
16.00
93.00
11.00
75.00
117.00
69.00
222.00
12.00
39.00
19.00
27.00
24.00
45.00
56.00
5.00
3.00
15.00
15.00
7.00
10.00
45.00
11.00
1.00
23.00
14.00
1.00
5.00
1.00
5.00
1.00
21.00
14.00
11.00
24.00
8.00
2.00
12.00
2.00
39.00
14.00
28.00
26.00
1.00
9.00
8.00
2.00
28.00
6.00
29.00
1.00
29.00
8.00
2.00
122.00
134.00
42.00
28.00
172.00
1.00
21.00
50.00
20.00
11.00
1.00
19.00
14.00
29.00
8.00
13.00
4.00
1.00
1.00
1.00
3.00
3.00
34.00
7.00
30.00
25.00
3.00
3.00
5.00
1.00
2.00
4.00
6.00
