35
43
15
1
0
0
7
16
26
5
32
25
32
0
32
4
15
6
2
32
9
34
34
32
9
0
48
39
5
4
0
10
29
26
44
29
57
35
22
18
11
0
3
20
19
12
31
36
45
32
26
34
7
6
12
43
8
39
66
43
47
10
1
0
4
2
2
9
11
20
46
34
30
15
13
0
0
3
0
19
22
13
14
24
30
11
12
23
2
1
8
20
27
41
41
68
34
16
29
9
11
0
1
0
21
11
23
28
41
23
21
11
11
5
2
0
10
6
22
11
15
15
16
25
0
0
0
17
14
23
6
34
8
22
1
7
11
0
0
7
40
40
10
33
18
17
32
9
16
3
8
17
26
32
61
40
22
29
52
3
7
0
0
2
33
22
41
7
19
49
10
24
9
7
0
26
23
32
19
34
68
14
30
4
4
0
8
14
27
36
6
25
26
33
47
11
0
0
4
9
30
5
15
28
24
38
39
25
4
19
0
11
17
39
50
52
42
15
28
7
0
5
7
18
34
35
52
20
45
18
2
12
6
0
0
19
32
26
26
53
68
31
9
9
1
25
7
28
16
21
34
59
8
14
14
27
8
1
0
4
32
36
15
56
54
10
15
25
0
0
4
18
23
24
24
30
19
19
22
13
20
0
2
22
11
41
12
48
13
23
20
0
0
0
2
29
8
31
30
39
15
4
32
22
1
0
21
6
20
31
38
9
0
26
52
11
11
0
0
18
16
32
24
53
48
13
15
10
12
19
2
1
18
7
27
58
48
18
34
18
12
1
21
0
17
21
26
36
61
11
29
19
2
0
13
0
3
20
46
25
