2.00
7.00
7.00
4.00
1.00
4.00
4.00
5.00
1.00
2.00
5.00
2.00
10.00
2.00
7.00
2.00
6.00
5.00
1.00
1.00
2.00
3.00
4.00
1.00
3.00
15.00
2.00
1.00
6.00
3.00
2.00
12.00
12.00
1.00
8.00
1.00
3.00
2.00
3.00
4.00
3.00
3.00
4.00
5.00
13.00
2.00
15.00
4.00
10.00
1.00
2.00
3.00
3.00
1.00
5.00
8.00
2.00
8.00
17.00
2.00
14.00
3.00
1.00
5.00
14.00
6.00
3.00
1.00
3.00
6.00
2.00
4.00
7.00
4.00
13.00
3.00
3.00
1.00
10.00
4.00
5.00
3.00
1.00
4.00
1.00
2.00
8.00
2.00
3.00
1.00
1.00
8.00
5.00
9.00
11.00
12.00
8.00
2.00
5.00
1.00
11.00
1.00
5.00
2.00
7.00
4.00
1.00
5.00
1.00
10.00
11.00
7.00
11.00
2.00
6.00
3.00
8.00
5.00
1.00
1.00
8.00
5.00
7.00
10.00
10.00
1.00
1.00
1.00
4.00
1.00
3.00
20.00
9.00
5.00
17.00
8.00
7.00
3.00
10.00
1.00
6.00
9.00
2.00
8.00
3.00
2.00
3.00
3.00
2.00
3.00
24.00
11.00
3.00
1.00
4.00
7.00
3.00
3.00
1.00
1.00
5.00
6.00
5.00
10.00
3.00
1.00
12.00
2.00
2.00
20.00
6.00
3.00
4.00
4.00
8.00
13.00
3.00
6.00
3.00
4.00
9.00
6.00
16.00
11.00
13.00
11.00
10.00
7.00
2.00
7.00
2.00
1.00
9.00
1.00
1.00
2.00
3.00
9.00
1.00
21.00
1.00
4.00
3.00
3.00
2.00
1.00
1.00
20.00
20.00
5.00
1.00
1.00
5.00
2.00
5.00
2.00
4.00
7.00
2.00
11.00
25.00
5.00
1.00
1.00
1.00
1.00
4.00
15.00
7.00
4.00
4.00
11.00
6.00
1.00
8.00
8.00
5.00
9.00
