4.00
9.00
5.00
6.00
11.00
1.00
1.00
3.00
1.00
2.00
7.00
13.00
1.00
2.00
5.00
1.00
6.00
7.00
2.00
1.00
10.00
13.00
5.00
6.00
4.00
1.00
8.00
28.00
4.00
4.00
3.00
3.00
1.00
2.00
2.00
7.00
5.00
5.00
1.00
1.00
10.00
2.00
1.00
16.00
2.00
29.00
2.00
8.00
10.00
14.00
1.00
8.00
11.00
3.00
10.00
5.00
3.00
4.00
7.00
6.00
34.00
13.00
14.00
13.00
3.00
30.00
3.00
6.00
8.00
14.00
11.00
16.00
1.00
1.00
16.00
2.00
1.00
36.00
6.00
1.00
6.00
14.00
9.00
2.00
4.00
1.00
9.00
29.00
23.00
6.00
2.00
3.00
10.00
3.00
5.00
1.00
1.00
1.00
7.00
6.00
9.00
1.00
5.00
12.00
1.00
4.00
3.00
4.00
2.00
14.00
5.00
17.00
1.00
1.00
2.00
2.00
3.00
40.00
1.00
16.00
8.00
4.00
1.00
16.00
2.00
5.00
8.00
5.00
1.00
15.00
4.00
8.00
2.00
4.00
2.00
18.00
17.00
6.00
1.00
7.00
4.00
16.00
5.00
24.00
4.00
31.00
25.00
13.00
2.00
2.00
7.00
2.00
3.00
5.00
6.00
3.00
3.00
1.00
2.00
7.00
14.00
7.00
28.00
2.00
3.00
3.00
1.00
5.00
1.00
6.00
1.00
4.00
7.00
19.00
20.00
1.00
9.00
16.00
6.00
18.00
4.00
5.00
3.00
6.00
8.00
16.00
14.00
13.00
4.00
2.00
2.00
22.00
1.00
3.00
6.00
3.00
2.00
7.00
11.00
2.00
11.00
1.00
16.00
2.00
13.00
4.00
2.00
7.00
4.00
12.00
1.00
2.00
6.00
17.00
16.00
14.00
19.00
3.00
8.00
1.00
6.00
3.00
12.00
5.00
3.00
9.00
1.00
12.00
9.00
4.00
5.00
7.00
3.00
2.00
17.00
3.00
5.00
2.00
6.00
1.00
14.00
1.00
12.00
8.00
1.00
38.00
11.00
1.00
1.00
10.00
1.00
14.00
7.00
10.00
1.00
1.00
1.00
5.00
5.00
11.00
13.00
7.00
2.00
6.00
10.00
13.00
4.00
1.00
5.00
1.00
5.00
8.00
4.00
1.00
13.00
2.00
8.00
2.00
6.00
1.00
1.00
7.00
8.00
2.00
20.00
2.00
2.00
21.00
2.00
6.00
4.00
6.00
2.00
13.00
3.00
28.00
16.00
2.00
9.00
17.00
1.00
6.00
4.00
14.00
12.00
10.00
7.00
21.00
4.00
43.00
1.00
8.00
1.00
1.00
1.00
1.00
6.00
6.00
23.00
7.00
2.00
1.00
2.00
6.00
7.00
7.00
6.00
9.00
13.00
5.00
1.00
6.00
2.00
6.00
2.00
1.00
8.00
9.00
5.00
5.00
4.00
45.00
8.00
6.00
40.00
2.00
10.00
2.00
16.00
2.00
2.00
2.00
3.00
1.00
8.00
1.00
3.00
8.00
16.00
4.00
8.00
2.00
3.00
2.00
2.00
1.00
1.00
5.00
4.00
10.00
3.00
21.00
21.00
17.00
18.00
6.00
32.00
13.00
23.00
13.00
2.00
14.00
17.00
2.00
2.00
12.00
13.00
1.00
5.00
4.00
2.00
16.00
4.00
2.00
3.00
6.00
5.00
5.00
1.00
2.00
5.00
11.00
1.00
7.00
15.00
21.00
3.00
1.00
1.00
11.00
11.00
2.00
13.00
6.00
5.00
3.00
1.00
26.00
49.00
5.00
1.00
5.00
3.00
21.00
8.00
17.00
1.00
3.00
6.00
3.00
1.00
8.00
2.00
7.00
32.00
11.00
1.00
2.00
3.00
12.00
6.00
1.00
4.00
10.00
15.00
6.00
2.00
5.00
6.00
5.00
16.00
6.00
20.00
2.00
3.00
5.00
20.00
13.00
13.00
24.00
1.00
17.00
5.00
1.00
1.00
1.00
4.00
15.00
13.00
1.00
2.00
1.00
13.00
14.00
18.00
7.00
2.00
15.00
16.00
16.00
5.00
5.00
5.00
1.00
1.00
1.00
3.00
2.00
14.00
19.00
20.00
5.00
12.00
3.00
5.00
40.00
13.00
21.00
2.00
9.00
18.00
1.00
3.00
2.00
3.00
7.00
13.00
2.00
15.00
8.00
8.00
3.00
6.00
6.00
5.00
2.00
2.00
3.00
9.00
8.00
21.00
34.00
23.00
3.00
1.00
10.00
17.00
17.00
2.00
3.00
6.00
1.00
1.00
8.00
3.00
2.00
8.00
5.00
4.00
18.00
3.00
11.00
5.00
9.00
12.00
1.00
4.00
6.00
6.00
3.00
5.00
7.00
3.00
4.00
12.00
33.00
3.00
3.00
8.00
8.00
15.00
5.00
12.00
22.00
11.00
4.00
1.00
