34
38
11
0
0
0
0
0
0
0
17
9
30
1
16
4
4
0
0
0
0
13
0
19
2
0
45
15
2
0
0
0
6
3
18
22
54
32
8
5
2
0
0
1
0
2
14
23
27
25
28
12
0
0
0
0
0
19
36
29
22
9
2
0
0
0
0
0
0
0
17
18
30
8
1
0
0
0
0
0
0
1
4
11
25
15
11
8
0
0
0
0
1
11
9
44
30
13
21
7
0
0
0
0
5
1
10
16
29
18
11
0
0
0
0
0
0
0
12
3
12
11
10
12
0
0
0
0
0
1
2
5
7
18
0
0
0
0
0
0
0
6
0
15
3
14
16
3
2
0
0
0
0
12
23
16
9
26
47
0
0
0
0
0
6
6
11
5
11
30
10
9
0
0
0
0
1
6
7
10
50
13
29
0
0
0
0
0
0
1
4
10
25
21
42
4
0
0
0
0
0
0
3
25
11
35
35
7
1
0
0
0
0
1
10
19
37
3
19
4
0
0
0
0
8
15
40
15
36
8
0
8
0
0
0
0
5
0
1
44
66
28
6
3
0
0
0
0
0
0
16
26
5
12
0
19
0
0
0
0
8
0
2
38
32
3
7
1
0
0
0
0
10
0
7
29
18
10
7
7
5
0
0
0
0
4
3
38
10
20
17
0
0
0
0
0
0
1
4
18
5
0
10
2
0
0
0
0
7
8
24
13
0
19
46
1
0
0
0
0
0
10
12
43
42
13
10
8
0
0
0
0
0
0
8
27
19
9
19
3
8
0
0
0
3
6
9
23
54
9
27
7
0
0
0
0
0
14
25
15
