32
44
41
28
4
28
34
28
55
55
43
59
27
34
0
5
0
34
31
29
30
40
17
0
1
5
0
8
56
44
57
85
19
40
7
0
1
0
60
33
62
43
48
30
15
8
4
7
40
59
64
39
54
29
4
12
0
6
13
40
68
23
27
22
35
13
7
1
6
21
24
52
34
45
18
24
1
12
35
56
57
65
98
70
41
4
0
8
0
61
39
42
14
52
27
37
30
14
3
25
48
53
49
64
37
29
2
1
0
12
22
51
44
57
89
26
7
7
5
12
52
47
66
31
51
63
21
0
0
8
20
36
54
55
51
31
17
22
2
0
28
15
75
37
42
37
52
6
8
33
0
49
57
47
47
61
45
10
5
0
21
36
9
34
36
17
18
42
14
9
0
22
35
24
40
24
41
39
1
1
19
1
82
34
68
47
18
49
9
19
17
2
43
50
43
43
85
49
24
5
0
5
39
55
34
35
23
19
19
9
2
6
7
48
43
26
68
73
42
1
0
2
2
46
36
26
27
8
23
0
5
0
0
26
47
62
60
79
22
11
3
4
1
9
46
49
48
18
42
25
41
1
16
16
95
42
26
66
88
16
9
0
1
4
71
78
58
15
42
37
17
12
0
1
17
61
66
70
82
27
36
11
0
0
39
27
16
15
43
48
11
0
1
14
0
36
78
84
65
33
33
1
2
4
8
21
66
104
14
0
0
0
0
0
0
0
0
0
0
0
0
0
0
0
0
0
0
0
0
0
0
0
0
0
0
0
0
0
0
0
0
0
0
0
0
0
0
0
0
0
0
0
0
0
0
0
0
0
0
0
