57.00
59.00
21.00
2.00
43.00
2.00
105.00
660.00
94.00
161.00
28.00
10.00
1.00
32.00
78.00
26.00
82.00
4.00
1.00
157.00
671.00
3.00
1.00
173.00
136.00
82.00
14.00
4.00
15.00
303.00
2.00
38.00
1.00
734.00
97.00
1.00
61.00
28.00
1.00
9.00
92.00
19.00
61.00
2.00
49.00
76.00
15.00
26.00
38.00
667.00
169.00
25.00
78.00
38.00
22.00
15.00
50.00
9.00
75.00
35.00
48.00
41.00
1.00
1.00
37.00
84.00
83.00
768.00
46.00
38.00
21.00
2.00
26.00
56.00
63.00
4.00
188.00
947.00
90.00
48.00
33.00
1.00
31.00
2.00
20.00
21.00
80.00
71.00
14.00
96.00
822.00
44.00
58.00
102.00
127.00
101.00
59.00
50.00
849.00
30.00
107.00
37.00
112.00
7.00
60.00
10.00
7.00
88.00
17.00
91.00
40.00
28.00
8.00
766.00
47.00
126.00
115.00
110.00
11.00
8.00
1.00
1.00
86.00
879.00
249.00
90.00
108.00
158.00
18.00
790.00
175.00
119.00
315.00
903.00
55.00
16.00
231.00
13.00
246.00
101.00
87.00
522.00
199.00
11.00
104.00
24.00
69.00
29.00
106.00
117.00
59.00
51.00
1.00
5.00
39.00
1.00
14.00
650.00
1.00
71.00
15.00
49.00
9.00
95.00
79.00
120.00
131.00
2.00
79.00
191.00
40.00
632.00
23.00
152.00
132.00
56.00
13.00
4.00
81.00
7.00
123.00
2.00
1.00
4.00
589.00
188.00
50.00
158.00
123.00
11.00
92.00
170.00
93.00
3.00
650.00
49.00
279.00
12.00
7.00
2.00
1.00
9.00
90.00
149.00
2.00
86.00
98.00
143.00
672.00
154.00
27.00
46.00
47.00
62.00
906.00
24.00
24.00
99.00
2.00
1.00
2.00
61.00
34.00
20.00
138.00
40.00
324.00
633.00
51.00
281.00
27.00
2.00
22.00
2.00
10.00
19.00
51.00
7.00
79.00
446.00
390.00
40.00
85.00
40.00
63.00
31.00
46.00
29.00
533.00
496.00
82.00
3.00
5.00
93.00
29.00
149.00
42.00
1.00
1.00
20.00
79.00
936.00
1.00
42.00
1.00
236.00
7.00
72.00
38.00
1.00
119.00
894.00
52.00
224.00
71.00
36.00
147.00
40.00
30.00
43.00
10.00
633.00
141.00
45.00
113.00
54.00
101.00
54.00
1115.00
68.00
42.00
47.00
4.00
129.00
1.00
236.00
129.00
17.00
738.00
34.00
1.00
1.00
71.00
101.00
32.00
32.00
123.00
91.00
104.00
401.00
552.00
12.00
4.00
45.00
14.00
11.00
78.00
68.00
18.00
149.00
549.00
232.00
79.00
53.00
31.00
7.00
167.00
37.00
21.00
