4.00
61.00
41.00
20.00
29.00
1.00
32.00
86.00
183.00
21.00
3.00
1.00
85.00
159.00
298.00
14.00
62.00
24.00
1.00
21.00
1.00
54.00
5.00
12.00
21.00
15.00
1.00
31.00
70.00
64.00
39.00
31.00
3.00
4.00
48.00
54.00
195.00
1.00
533.00
32.00
50.00
1.00
50.00
44.00
17.00
34.00
14.00
1.00
2.00
1.00
1.00
22.00
21.00
11.00
17.00
11.00
6.00
43.00
25.00
8.00
4.00
23.00
8.00
110.00
23.00
189.00
29.00
448.00
1.00
54.00
27.00
2.00
47.00
19.00
1.00
8.00
9.00
11.00
53.00
19.00
11.00
83.00
13.00
36.00
121.00
1.00
34.00
152.00
1.00
57.00
5.00
60.00
32.00
427.00
12.00
151.00
3.00
6.00
18.00
23.00
13.00
18.00
26.00
29.00
60.00
62.00
1.00
9.00
45.00
94.00
234.00
26.00
75.00
1.00
489.00
35.00
3.00
58.00
43.00
11.00
29.00
6.00
25.00
7.00
11.00
90.00
7.00
6.00
4.00
2.00
7.00
12.00
21.00
2.00
10.00
26.00
57.00
95.00
15.00
23.00
27.00
37.00
195.00
66.00
5.00
337.00
66.00
72.00
34.00
1.00
3.00
1.00
1.00
3.00
22.00
1.00
27.00
15.00
15.00
44.00
10.00
33.00
50.00
30.00
17.00
21.00
2.00
5.00
28.00
19.00
81.00
40.00
53.00
66.00
1.00
60.00
5.00
28.00
71.00
360.00
85.00
29.00
16.00
1.00
48.00
71.00
12.00
57.00
3.00
8.00
10.00
34.00
7.00
1.00
6.00
34.00
40.00
5.00
23.00
2.00
64.00
46.00
17.00
51.00
16.00
20.00
42.00
419.00
1.00
159.00
49.00
39.00
101.00
49.00
38.00
24.00
1.00
11.00
10.00
20.00
10.00
37.00
2.00
30.00
1.00
1.00
22.00
5.00
49.00
7.00
11.00
40.00
36.00
36.00
31.00
16.00
107.00
541.00
67.00
6.00
48.00
8.00
31.00
25.00
7.00
9.00
1.00
1.00
18.00
116.00
23.00
18.00
23.00
37.00
111.00
3.00
1.00
7.00
109.00
73.00
140.00
103.00
266.00
53.00
2.00
30.00
15.00
65.00
47.00
4.00
12.00
9.00
9.00
8.00
33.00
18.00
1.00
3.00
21.00
27.00
76.00
25.00
3.00
3.00
60.00
13.00
97.00
6.00
41.00
1.00
28.00
24.00
47.00
469.00
19.00
81.00
23.00
2.00
18.00
14.00
46.00
8.00
1.00
21.00
24.00
72.00
53.00
36.00
1.00
89.00
10.00
1.00
38.00
46.00
54.00
20.00
1.00
15.00
16.00
35.00
108.00
474.00
4.00
5.00
2.00
3.00
29.00
50.00
40.00
14.00
4.00
1.00
3.00
13.00
13.00
49.00
1.00
42.00
16.00
4.00
30.00
15.00
120.00
12.00
12.00
50.00
1.00
16.00
1.00
25.00
22.00
1.00
33.00
188.00
403.00
21.00
19.00
3.00
10.00
37.00
50.00
31.00
3.00
1.00
8.00
1.00
15.00
1.00
20.00
11.00
15.00
6.00
9.00
20.00
10.00
3.00
4.00
7.00
8.00
22.00
4.00
2.00
1.00
58.00
95.00
40.00
18.00
27.00
78.00
161.00
192.00
20.00
98.00
59.00
42.00
1.00
1.00
44.00
47.00
3.00
145.00
15.00
31.00
4.00
58.00
12.00
41.00
50.00
15.00
140.00
1.00
13.00
57.00
27.00
1.00
3.00
101.00
71.00
1.00
1.00
397.00
66.00
53.00
66.00
6.00
22.00
33.00
37.00
5.00
6.00
82.00
28.00
40.00
12.00
9.00
28.00
13.00
6.00
70.00
138.00
27.00
299.00
1.00
229.00
1.00
53.00
1.00
127.00
24.00
16.00
8.00
1.00
17.00
19.00
2.00
47.00
30.00
17.00
7.00
62.00
85.00
77.00
46.00
22.00
41.00
1.00
15.00
31.00
2.00
46.00
240.00
338.00
13.00
29.00
7.00
1.00
40.00
13.00
6.00
97.00
113.00
8.00
23.00
12.00
1.00
7.00
3.00
35.00
43.00
48.00
100.00
2.00
3.00
29.00
95.00
97.00
39.00
440.00
24.00
9.00
1.00
11.00
12.00
11.00
28.00
7.00
16.00
42.00
9.00
47.00
33.00
21.00
85.00
1.00
1.00
33.00
23.00
14.00
89.00
27.00
5.00
6.00
126.00
19.00
106.00
481.00
1.00
22.00
65.00
46.00
1.00
6.00
7.00
3.00
63.00
3.00
22.00
40.00
69.00
12.00
5.00
60.00
1.00
23.00
14.00
75.00
17.00
37.00
1.00
27.00
45.00
1.00
22.00
42.00
15.00
22.00
313.00
333.00
55.00
7.00
21.00
10.00
2.00
14.00
33.00
4.00
126.00
3.00
10.00
69.00
36.00
44.00
45.00
15.00
61.00
9.00
17.00
1.00
3.00
45.00
59.00
392.00
156.00
4.00
68.00
37.00
4.00
33.00
6.00
119.00
11.00
24.00
1.00
13.00
19.00
66.00
1.00
15.00
63.00
1.00
1.00
40.00
1.00
37.00
17.00
3.00
69.00
89.00
34.00
503.00
84.00
7.00
1.00
1.00
13.00
1.00
3.00
58.00
9.00
3.00
37.00
9.00
1.00
12.00
25.00
8.00
22.00
50.00
46.00
2.00
45.00
2.00
61.00
1.00
35.00
9.00
54.00
17.00
49.00
121.00
9.00
204.00
205.00
105.00
26.00
4.00
48.00
43.00
26.00
7.00
13.00
45.00
64.00
4.00
61.00
67.00
18.00
27.00
30.00
40.00
9.00
48.00
1.00
32.00
86.00
26.00
343.00
175.00
2.00
53.00
16.00
23.00
8.00
83.00
24.00
7.00
61.00
53.00
20.00
36.00
6.00
4.00
1.00
5.00
12.00
4.00
2.00
41.00
170.00
77.00
3.00
3.00
1.00
42.00
31.00
349.00
168.00
3.00
5.00
14.00
61.00
24.00
60.00
16.00
36.00
8.00
11.00
11.00
42.00
16.00
9.00
58.00
2.00
4.00
19.00
2.00
97.00
7.00
41.00
68.00
39.00
6.00
52.00
39.00
278.00
291.00
2.00
21.00
182.00
41.00
83.00
25.00
8.00
19.00
8.00
4.00
1.00
71.00
6.00
67.00
9.00
12.00
1.00
12.00
30.00
13.00
40.00
58.00
74.00
3.00
37.00
28.00
52.00
2.00
6.00
1.00
73.00
6.00
1.00
270.00
38.00
32.00
11.00
1.00
88.00
10.00
66.00
69.00
18.00
85.00
5.00
32.00
1.00
1.00
50.00
28.00
17.00
76.00
3.00
1.00
10.00
2.00
45.00
407.00
305.00
13.00
132.00
13.00
147.00
61.00
42.00
28.00
15.00
63.00
25.00
11.00
129.00
140.00
29.00
15.00
5.00
66.00
16.00
163.00
250.00
7.00
23.00
1.00
1.00
92.00
29.00
43.00
37.00
13.00
26.00
1.00
2.00
1.00
3.00
48.00
3.00
55.00
41.00
1.00
2.00
9.00
4.00
2.00
4.00
9.00
2.00
3.00
64.00
31.00
1.00
5.00
1.00
41.00
1.00
101.00
106.00
7.00
30.00
25.00
12.00
392.00
4.00
1.00
1.00
1.00
1.00
33.00
1.00
30.00
52.00
35.00
26.00
21.00
84.00
17.00
42.00
