6
18
3
0
0
0
0
0
8
0
14
4
24
0
9
0
0
0
0
15
0
17
1
15
0
0
29
0
0
0
0
0
9
7
19
13
30
15
2
0
0
0
0
14
0
11
13
16
5
11
4
0
0
0
0
0
0
23
31
22
0
1
0
0
0
0
0
0
0
3
9
16
14
7
0
0
0
0
0
0
5
4
4
2
15
6
0
0
0
0
0
0
7
14
8
21
4
6
7
0
0
0
0
0
12
1
4
10
15
0
0
0
0
0
0
0
5
0
6
1
0
5
0
0
0
0
0
2
0
1
2
0
1
0
0
0
0
0
0
0
12
10
0
9
0
3
4
0
0
0
0
7
12
20
17
7
2
11
22
0
0
0
0
0
17
12
3
4
0
11
0
6
0
0
0
0
1
10
6
6
22
9
12
0
0
0
0
9
4
1
2
2
13
0
6
0
0
0
0
0
2
0
2
12
0
15
3
0
1
0
0
0
0
6
7
15
25
0
0
0
0
0
0
0
16
11
38
5
7
0
0
4
0
0
0
0
12
0
0
29
31
11
0
0
0
2
0
0
9
3
17
6
0
0
0
0
1
0
0
0
24
6
1
26
14
0
0
0
0
0
0
0
19
3
5
23
6
1
0
0
0
0
0
0
3
6
2
19
0
9
8
0
0
0
0
1
2
5
5
2
0
0
0
0
0
0
0
0
4
11
12
2
0
13
10
0
0
0
0
0
1
25
14
23
25
4
6
0
0
3
0
0
0
0
8
13
5
0
8
0
0
0
1
0
5
11
9
10
124
112
124
120
124
120
124
124
120
124
120
124
