0
1
0
0
0
0
0
0
0
0
7
8
27
7
6
0
0
0
0
0
0
24
5
1
0
1
0
2
2
0
0
0
0
3
0
4
0
0
0
0
0
0
0
0
6
0
8
9
14
0
3
0
0
0
0
0
0
3
5
2
9
17
15
1
0
0
0
0
0
2
2
15
4
20
11
10
0
0
0
0
0
5
3
0
30
19
16
0
1
0
0
0
0
0
11
0
3
4
19
0
0
0
0
0
0
5
5
8
0
7
6
7
0
0
0
0
0
8
20
5
3
10
1
1
0
0
0
0
1
0
3
24
3
2
4
0
0
0
0
0
0
9
13
27
19
4
11
1
0
0
0
0
0
6
0
7
0
0
0
1
0
0
0
0
0
0
8
6
3
11
0
0
0
0
0
0
0
4
0
0
0
0
2
0
0
0
0
0
2
1
6
0
23
3
9
6
0
0
0
0
0
0
9
13
6
2
20
0
0
0
0
0
0
12
3
6
3
12
3
0
0
0
0
0
0
1
15
6
4
12
2
10
0
0
0
0
0
0
6
3
17
8
1
4
0
0
0
0
0
1
12
18
5
6
3
0
0
0
0
0
0
2
11
11
2
8
11
10
0
0
0
0
0
0
14
9
47
0
0
9
0
0
0
0
2
0
1
16
0
0
6
0
0
0
0
0
0
0
7
9
9
3
5
2
0
0
0
0
0
1
0
0
2
0
3
0
0
0
0
0
0
1
0
0
0
0
1
0
0
0
0
0
0
0
3
3
1
0
0
0
0
1
0
0
0
0
3
4
0
0
0
0
0
0
0
0
0
0
0
0
