5
15
10
0
2
0
0
0
3
15
36
28
33
6
8
7
6
0
0
13
11
66
26
16
6
11
3
5
9
0
0
4
0
49
36
46
9
4
0
11
3
0
0
0
15
9
35
23
36
1
17
2
1
9
0
0
5
25
36
22
23
14
19
14
10
1
0
0
4
16
7
52
16
21
22
18
0
0
0
3
14
13
8
35
40
19
23
7
9
0
0
0
1
34
48
20
17
13
32
1
5
1
17
0
13
30
40
43
12
14
9
26
4
0
0
0
19
22
47
19
16
17
5
25
1
0
0
0
24
17
45
35
19
16
13
6
5
0
0
0
34
23
63
71
45
11
15
7
0
1
13
9
6
27
3
16
21
11
12
8
6
0
0
0
13
23
28
20
18
29
4
7
0
7
1
16
5
24
29
19
6
4
27
14
0
1
0
0
26
27
19
31
45
6
17
9
4
2
0
0
12
24
27
16
31
8
35
4
1
0
0
0
6
28
14
21
21
23
28
11
2
0
15
0
0
21
37
8
11
26
9
20
2
0
0
1
15
7
25
22
34
22
14
7
2
0
0
0
2
25
38
29
19
21
33
5
9
0
10
1
5
10
27
26
10
16
17
14
0
0
18
0
20
12
28
11
53
1
2
26
0
0
19
7
15
8
26
44
12
12
8
3
0
5
0
0
4
0
21
31
23
18
10
11
16
11
0
1
6
37
11
8
27
9
12
0
0
2
0
0
9
14
0
9
12
8
11
9
24
3
9
0
12
4
16
31
42
26
16
3
12
21
0
0
18
23
4
23
