6.00
2.00
26.00
39.00
1.00
15.00
17.00
1.00
32.00
8.00
48.00
35.00
44.00
467.00
75.00
42.00
31.00
3.00
26.00
1.00
18.00
15.00
136.00
26.00
5.00
27.00
41.00
6.00
10.00
9.00
25.00
23.00
11.00
36.00
2.00
153.00
6.00
44.00
84.00
19.00
55.00
8.00
57.00
2.00
48.00
136.00
154.00
5.00
1.00
9.00
4.00
1.00
12.00
2.00
17.00
1.00
89.00
11.00
76.00
20.00
1.00
73.00
14.00
3.00
1.00
9.00
102.00
54.00
3.00
130.00
28.00
45.00
14.00
8.00
1.00
23.00
35.00
212.00
1.00
160.00
52.00
1.00
37.00
23.00
1.00
17.00
25.00
18.00
2.00
57.00
1.00
7.00
20.00
21.00
2.00
6.00
21.00
44.00
21.00
12.00
3.00
9.00
60.00
42.00
10.00
1.00
20.00
1.00
1.00
20.00
2.00
6.00
20.00
19.00
17.00
27.00
17.00
33.00
10.00
77.00
42.00
315.00
92.00
109.00
9.00
1.00
25.00
7.00
1.00
21.00
21.00
54.00
29.00
9.00
5.00
45.00
3.00
6.00
1.00
4.00
71.00
24.00
21.00
37.00
2.00
29.00
2.00
45.00
12.00
11.00
3.00
1.00
18.00
51.00
63.00
3.00
16.00
2.00
25.00
13.00
45.00
52.00
116.00
110.00
32.00
3.00
87.00
77.00
5.00
40.00
13.00
12.00
5.00
1.00
2.00
2.00
2.00
13.00
6.00
22.00
10.00
46.00
9.00
23.00
36.00
1.00
19.00
29.00
26.00
43.00
49.00
260.00
123.00
100.00
6.00
118.00
2.00
99.00
64.00
46.00
80.00
17.00
11.00
19.00
27.00
14.00
13.00
30.00
46.00
59.00
3.00
9.00
33.00
55.00
1.00
96.00
19.00
288.00
11.00
204.00
2.00
2.00
17.00
2.00
6.00
1.00
4.00
20.00
101.00
7.00
1.00
36.00
47.00
97.00
36.00
28.00
50.00
8.00
37.00
8.00
24.00
55.00
37.00
1.00
1.00
2.00
2.00
118.00
26.00
5.00
3.00
49.00
32.00
4.00
97.00
135.00
124.00
2.00
96.00
28.00
1.00
60.00
16.00
23.00
42.00
30.00
33.00
1.00
9.00
21.00
6.00
33.00
3.00
11.00
10.00
4.00
2.00
4.00
43.00
31.00
4.00
8.00
20.00
15.00
39.00
35.00
26.00
1.00
2.00
20.00
51.00
89.00
40.00
92.00
1.00
181.00
251.00
2.00
39.00
39.00
81.00
94.00
2.00
92.00
3.00
4.00
6.00
11.00
1.00
62.00
1.00
19.00
9.00
30.00
1.00
36.00
3.00
70.00
20.00
92.00
1.00
8.00
79.00
29.00
1.00
48.00
120.00
229.00
56.00
17.00
83.00
80.00
30.00
3.00
43.00
93.00
11.00
1.00
43.00
54.00
39.00
16.00
62.00
16.00
5.00
3.00
1.00
1.00
42.00
30.00
35.00
22.00
42.00
4.00
467.00
1.00
1.00
1.00
3.00
1.00
83.00
1.00
1.00
28.00
1.00
3.00
20.00
1.00
57.00
10.00
41.00
85.00
15.00
1.00
9.00
1.00
1.00
34.00
6.00
115.00
6.00
16.00
34.00
34.00
1.00
3.00
9.00
36.00
177.00
36.00
386.00
66.00
1.00
21.00
5.00
20.00
22.00
1.00
13.00
13.00
25.00
32.00
42.00
17.00
4.00
1.00
26.00
45.00
1.00
15.00
38.00
5.00
1.00
40.00
1.00
95.00
19.00
24.00
43.00
22.00
5.00
58.00
1.00
44.00
3.00
2.00
77.00
2.00
18.00
9.00
17.00
110.00
2.00
118.00
59.00
12.00
176.00
17.00
2.00
1.00
84.00
7.00
5.00
1.00
7.00
4.00
6.00
5.00
2.00
1.00
20.00
27.00
10.00
2.00
1.00
3.00
47.00
9.00
39.00
59.00
18.00
20.00
9.00
25.00
20.00
1.00
7.00
26.00
1.00
142.00
23.00
438.00
4.00
19.00
69.00
12.00
40.00
5.00
95.00
18.00
16.00
7.00
59.00
59.00
8.00
3.00
40.00
2.00
32.00
11.00
8.00
6.00
17.00
9.00
7.00
16.00
22.00
15.00
86.00
48.00
30.00
24.00
35.00
89.00
256.00
1.00
45.00
1.00
1.00
2.00
65.00
2.00
9.00
15.00
24.00
12.00
26.00
48.00
28.00
22.00
4.00
14.00
44.00
10.00
34.00
41.00
5.00
1.00
1.00
20.00
2.00
36.00
4.00
17.00
85.00
15.00
164.00
1.00
28.00
291.00
35.00
43.00
133.00
1.00
32.00
1.00
2.00
6.00
27.00
26.00
7.00
28.00
71.00
54.00
48.00
8.00
80.00
7.00
14.00
24.00
20.00
8.00
26.00
2.00
3.00
7.00
1.00
1.00
1.00
12.00
8.00
30.00
4.00
28.00
26.00
1.00
379.00
49.00
2.00
29.00
4.00
1.00
3.00
119.00
1.00
26.00
13.00
1.00
2.00
1.00
24.00
7.00
41.00
139.00
32.00
9.00
2.00
3.00
1.00
6.00
87.00
31.00
2.00
35.00
4.00
33.00
6.00
8.00
1.00
35.00
19.00
1.00
10.00
3.00
28.00
6.00
35.00
3.00
4.00
67.00
38.00
1.00
120.00
42.00
260.00
50.00
15.00
65.00
45.00
10.00
39.00
3.00
2.00
1.00
31.00
17.00
5.00
1.00
40.00
17.00
1.00
18.00
23.00
1.00
2.00
2.00
16.00
8.00
10.00
1.00
11.00
1.00
13.00
19.00
105.00
17.00
39.00
33.00
256.00
1.00
67.00
5.00
77.00
51.00
1.00
3.00
2.00
68.00
8.00
31.00
13.00
3.00
1.00
15.00
46.00
47.00
11.00
36.00
13.00
15.00
3.00
9.00
38.00
14.00
55.00
3.00
3.00
15.00
4.00
6.00
39.00
20.00
16.00
96.00
81.00
20.00
14.00
23.00
144.00
309.00
8.00
10.00
15.00
90.00
26.00
1.00
12.00
35.00
28.00
32.00
6.00
19.00
36.00
5.00
5.00
57.00
23.00
5.00
8.00
4.00
15.00
19.00
18.00
58.00
5.00
2.00
95.00
1.00
38.00
38.00
195.00
3.00
30.00
4.00
113.00
32.00
42.00
5.00
1.00
2.00
143.00
9.00
29.00
44.00
25.00
35.00
54.00
24.00
1.00
24.00
1.00
2.00
7.00
4.00
3.00
4.00
1.00
18.00
8.00
2.00
153.00
96.00
17.00
1.00
6.00
78.00
12.00
51.00
1.00
85.00
79.00
211.00
5.00
41.00
65.00
1.00
76.00
4.00
2.00
55.00
8.00
23.00
65.00
3.00
22.00
37.00
34.00
1.00
1.00
2.00
1.00
7.00
5.00
10.00
5.00
29.00
3.00
5.00
1.00
75.00
7.00
115.00
27.00
15.00
39.00
319.00
27.00
58.00
2.00
2.00
3.00
1.00
85.00
2.00
66.00
1.00
33.00
6.00
2.00
2.00
13.00
46.00
104.00
31.00
3.00
70.00
25.00
2.00
103.00
6.00
6.00
52.00
1.00
1.00
37.00
18.00
3.00
3.00
45.00
66.00
3.00
86.00
28.00
25.00
221.00
49.00
13.00
63.00
2.00
75.00
52.00
1.00
1.00
32.00
18.00
2.00
19.00
37.00
51.00
21.00
40.00
16.00
5.00
3.00
11.00
1.00
1.00
35.00
43.00
41.00
1.00
8.00
38.00
1.00
27.00
5.00
4.00
1.00
21.00
4.00
3.00
467.00
157.00
2.00
9.00
1.00
50.00
51.00
39.00
2.00
23.00
17.00
22.00
27.00
43.00
4.00
26.00
12.00
4.00
22.00
10.00
3.00
25.00
65.00
25.00
103.00
2.00
16.00
77.00
16.00
3.00
1.00
8.00
3.00
9.00
19.00
1.00
30.00
44.00
20.00
237.00
64.00
35.00
31.00
4.00
36.00
79.00
68.00
43.00
13.00
37.00
39.00
1.00
1.00
8.00
1.00
3.00
27.00
39.00
21.00
6.00
192.00
35.00
38.00
52.00
3.00
2.00
4.00
5.00
2.00
73.00
36.00
71.00
16.00
14.00
283.00
44.00
2.00
64.00
21.00
18.00
1.00
4.00
2.00
5.00
21.00
1.00
27.00
2.00
1.00
69.00
30.00
1.00
60.00
13.00
12.00
2.00
31.00
3.00
8.00
42.00
20.00
13.00
1.00
76.00
1.00
77.00
16.00
94.00
70.00
11.00
2.00
116.00
68.00
223.00
47.00
1.00
1.00
1.00
1.00
48.00
25.00
1.00
16.00
121.00
18.00
11.00
1.00
4.00
1.00
44.00
8.00
2.00
1.00
24.00
11.00
9.00
4.00
19.00
21.00
13.00
10.00
24.00
9.00
15.00
44.00
17.00
28.00
43.00
7.00
31.00
7.00
36.00
30.00
8.00
122.00
131.00
41.00
23.00
173.00
2.00
17.00
50.00
1.00
22.00
34.00
15.00
27.00
6.00
14.00
22.00
49.00
30.00
29.00
10.00
5.00
10.00
12.00
15.00
3.00
15.00
1.00
30.00
8.00
91.00
30.00
13.00
31.00
23.00
1.00
65.00
1.00
143.00
11.00
174.00
4.00
205.00
130.00
21.00
1.00
43.00
1.00
1.00
30.00
16.00
6.00
3.00
59.00
8.00
2.00
22.00
6.00
