1
23
22
2
0
8
3
26
81
25
9
29
0
0
0
6
66
30
19
47
33
5
0
0
29
28
30
6
51
18
33
0
0
8
34
32
28
31
35
11
0
0
50
49
26
24
17
15
14
3
0
29
41
18
18
21
30
9
0
0
5
39
21
49
18
4
10
0
0
46
8
24
35
37
21
8
0
0
24
25
40
17
13
23
0
0
0
45
46
38
20
8
20
15
0
0
40
21
39
34
49
40
3
5
1
35
59
10
34
23
4
20
0
0
30
39
42
36
32
15
15
0
4
58
25
22
38
27
19
1
0
1
42
23
18
3
26
6
41
0
0
11
25
22
28
9
6
5
4
0
10
37
6
52
31
41
2
3
9
28
11
28
50
37
24
30
0
1
64
50
43
51
53
5
5
6
0
2
1
24
39
41
28
1
7
0
39
5
35
52
38
34
20
1
3
42
64
65
47
37
40
21
0
8
37
45
28
38
11
14
3
5
0
33
12
36
45
38
31
21
0
0
16
13
28
31
40
35
34
0
8
43
20
12
70
65
26
7
0
0
21
37
49
27
24
9
9
0
0
14
43
47
48
46
18
5
3
0
41
78
46
51
30
33
17
0
0
16
38
17
52
49
18
20
7
0
34
100
9
26
43
78
60
23
0
24
57
18
25
38
13
32
21
4
45
117
39
77
59
27
42
0
0
42
34
37
16
78
35
15
11
0
11
76
36
44
40
36
27
12
1
32
56
32
19
46
5
23
0
1
31
69
24
31
41
21
24
0
1
5
25
24
103
58
35
30
32
0
10
44
23
25
62
28
26
13
0
7
15
3
