26.00
2.00
58.00
36.00
31.00
3.00
3.00
49.00
57.00
194.00
619.00
3.00
101.00
16.00
34.00
14.00
33.00
8.00
13.00
12.00
27.00
46.00
24.00
7.00
1.00
20.00
5.00
19.00
84.00
23.00
3.00
127.00
1.00
52.00
29.00
68.00
205.00
164.00
1.00
1.00
52.00
1.00
21.00
1.00
55.00
1.00
4.00
1.00
9.00
9.00
14.00
1.00
38.00
13.00
1.00
33.00
83.00
11.00
34.00
118.00
1.00
34.00
28.00
106.00
71.00
5.00
1.00
1.00
53.00
33.00
427.00
11.00
83.00
64.00
2.00
3.00
6.00
20.00
23.00
6.00
19.00
2.00
1.00
26.00
28.00
4.00
4.00
60.00
65.00
11.00
93.00
45.00
231.00
1.00
14.00
10.00
72.00
2.00
1.00
420.00
61.00
33.00
55.00
39.00
6.00
26.00
2.00
24.00
28.00
93.00
9.00
5.00
3.00
4.00
10.00
3.00
18.00
1.00
8.00
20.00
57.00
94.00
19.00
22.00
25.00
36.00
54.00
105.00
30.00
65.00
1.00
1.00
337.00
35.00
1.00
101.00
35.00
5.00
75.00
1.00
15.00
45.00
10.00
1.00
1.00
1.00
85.00
51.00
20.00
28.00
19.00
1.00
77.00
39.00
124.00
60.00
5.00
314.00
142.00
2.00
105.00
14.00
135.00
5.00
50.00
19.00
11.00
34.00
6.00
4.00
9.00
32.00
43.00
28.00
65.00
45.00
15.00
26.00
4.00
36.00
62.00
98.00
320.00
1.00
158.00
1.00
88.00
102.00
32.00
11.00
37.00
28.00
53.00
1.00
10.00
21.00
10.00
2.00
29.00
1.00
18.00
7.00
46.00
7.00
7.00
39.00
36.00
33.00
47.00
106.00
539.00
67.00
10.00
46.00
9.00
30.00
24.00
19.00
24.00
116.00
25.00
18.00
23.00
38.00
56.00
12.00
1.00
34.00
5.00
103.00
2.00
37.00
35.00
242.00
1.00
1.00
265.00
2.00
1.00
1.00
43.00
1.00
1.00
31.00
16.00
113.00
3.00
5.00
4.00
13.00
9.00
10.00
8.00
31.00
12.00
6.00
1.00
27.00
18.00
10.00
72.00
25.00
1.00
65.00
106.00
49.00
29.00
71.00
475.00
19.00
85.00
1.00
25.00
1.00
37.00
45.00
5.00
6.00
21.00
22.00
74.00
50.00
30.00
87.00
1.00
10.00
41.00
46.00
76.00
8.00
3.00
1.00
17.00
238.00
378.00
1.00
3.00
38.00
55.00
40.00
14.00
5.00
3.00
11.00
70.00
1.00
40.00
14.00
3.00
1.00
28.00
15.00
119.00
12.00
64.00
14.00
29.00
21.00
1.00
31.00
1.00
109.00
76.00
157.00
2.00
239.00
1.00
40.00
11.00
38.00
40.00
5.00
39.00
1.00
7.00
1.00
20.00
21.00
7.00
14.00
9.00
36.00
10.00
1.00
5.00
5.00
11.00
1.00
19.00
5.00
56.00
1.00
62.00
30.00
58.00
23.00
432.00
15.00
1.00
2.00
91.00
58.00
9.00
1.00
17.00
43.00
48.00
20.00
123.00
11.00
30.00
2.00
2.00
55.00
56.00
54.00
12.00
159.00
57.00
27.00
94.00
1.00
70.00
1.00
395.00
35.00
26.00
51.00
63.00
64.00
10.00
27.00
4.00
4.00
90.00
4.00
21.00
40.00
11.00
7.00
27.00
16.00
2.00
71.00
83.00
56.00
240.00
84.00
1.00
227.00
3.00
2.00
1.00
1.00
59.00
124.00
25.00
24.00
21.00
16.00
47.00
32.00
23.00
4.00
17.00
42.00
17.00
64.00
127.00
22.00
41.00
1.00
1.00
16.00
29.00
46.00
1.00
576.00
14.00
38.00
1.00
39.00
20.00
97.00
19.00
95.00
9.00
23.00
13.00
5.00
34.00
1.00
81.00
5.00
100.00
1.00
25.00
91.00
97.00
40.00
440.00
12.00
20.00
15.00
11.00
13.00
39.00
59.00
8.00
48.00
2.00
7.00
15.00
18.00
48.00
41.00
33.00
23.00
13.00
49.00
74.00
1.00
5.00
20.00
6.00
114.00
105.00
156.00
188.00
95.00
31.00
21.00
64.00
49.00
9.00
9.00
18.00
43.00
32.00
33.00
68.00
14.00
5.00
59.00
1.00
11.00
9.00
14.00
73.00
16.00
33.00
1.00
2.00
25.00
43.00
3.00
60.00
1.00
35.00
3.00
114.00
196.00
333.00
56.00
7.00
34.00
1.00
1.00
1.00
7.00
8.00
19.00
2.00
1.00
9.00
115.00
1.00
1.00
5.00
72.00
7.00
20.00
3.00
1.00
43.00
30.00
12.00
2.00
68.00
76.00
109.00
338.00
154.00
1.00
20.00
41.00
1.00
7.00
44.00
14.00
17.00
6.00
116.00
53.00
1.00
16.00
62.00
2.00
12.00
12.00
49.00
1.00
1.00
39.00
38.00
15.00
2.00
67.00
161.00
115.00
425.00
12.00
18.00
3.00
56.00
16.00
47.00
13.00
23.00
6.00
15.00
4.00
3.00
46.00
64.00
9.00
14.00
1.00
1.00
61.00
2.00
34.00
63.00
20.00
49.00
121.00
9.00
201.00
205.00
101.00
18.00
7.00
1.00
47.00
71.00
7.00
13.00
1.00
47.00
20.00
10.00
3.00
27.00
63.00
114.00
30.00
5.00
37.00
5.00
3.00
47.00
30.00
73.00
9.00
370.00
6.00
25.00
1.00
1.00
3.00
134.00
57.00
53.00
32.00
49.00
1.00
21.00
1.00
6.00
61.00
36.00
10.00
18.00
35.00
11.00
4.00
1.00
10.00
1.00
2.00
35.00
164.00
82.00
41.00
28.00
61.00
283.00
166.00
2.00
1.00
1.00
2.00
85.00
59.00
76.00
1.00
11.00
38.00
13.00
9.00
1.00
57.00
6.00
18.00
3.00
97.00
7.00
40.00
67.00
39.00
57.00
37.00
1.00
269.00
290.00
19.00
79.00
99.00
40.00
81.00
22.00
8.00
1.00
18.00
3.00
1.00
1.00
71.00
8.00
68.00
9.00
6.00
3.00
44.00
12.00
1.00
33.00
60.00
7.00
67.00
4.00
4.00
33.00
81.00
3.00
3.00
1.00
50.00
21.00
2.00
1.00
107.00
31.00
168.00
10.00
16.00
1.00
89.00
1.00
6.00
1.00
10.00
4.00
68.00
19.00
27.00
24.00
1.00
20.00
48.00
9.00
24.00
4.00
33.00
1.00
48.00
1.00
125.00
4.00
9.00
2.00
43.00
4.00
2.00
331.00
106.00
30.00
2.00
83.00
3.00
276.00
18.00
8.00
2.00
114.00
15.00
1.00
11.00
1.00
105.00
27.00
16.00
2.00
55.00
4.00
41.00
1.00
133.00
5.00
141.00
1.00
31.00
26.00
68.00
176.00
2.00
1.00
77.00
177.00
1.00
10.00
7.00
1.00
14.00
2.00
13.00
1.00
13.00
31.00
5.00
26.00
75.00
1.00
1.00
44.00
3.00
2.00
5.00
2.00
1.00
1.00
1.00
2.00
41.00
1.00
1.00
1.00
58.00
1.00
26.00
9.00
1.00
11.00
1.00
5.00
10.00
5.00
11.00
3.00
3.00
41.00
22.00
36.00
6.00
2.00
18.00
22.00
104.00
105.00
27.00
21.00
2.00
4.00
7.00
205.00
238.00
89.00
1.00
31.00
1.00
41.00
83.00
1.00
4.00
41.00
1.00
32.00
61.00
71.00
12.00
19.00
61.00
94.00
2.00
58.00
24.00
6.00
3.00
22.00
17.00
65.00
147.00
281.00
14.00
5.00
1.00
25.00
5.00
6.00
1.00
39.00
9.00
1.00
21.00
6.00
3.00
22.00
1.00
12.00
1.00
21.00
2.00
19.00
32.00
3.00
