48.00
41.00
4.00
6.00
3.00
5.00
3.00
3.00
8.00
3.00
29.00
4.00
51.00
3.00
12.00
26.00
33.00
13.00
100.00
72.00
2.00
1.00
250.00
1.00
222.00
5.00
31.00
21.00
33.00
22.00
24.00
3.00
2.00
13.00
3.00
19.00
55.00
6.00
11.00
48.00
77.00
3.00
71.00
2.00
2.00
41.00
2.00
42.00
54.00
55.00
1.00
4.00
1.00
14.00
6.00
148.00
12.00
1.00
122.00
2.00
2.00
2.00
48.00
2.00
1.00
3.00
59.00
129.00
30.00
47.00
125.00
31.00
7.00
2.00
17.00
13.00
3.00
11.00
6.00
6.00
63.00
109.00
9.00
15.00
4.00
1.00
16.00
28.00
37.00
86.00
55.00
11.00
49.00
104.00
12.00
2.00
111.00
92.00
18.00
1.00
4.00
26.00
1.00
1.00
1.00
54.00
1.00
1.00
4.00
4.00
14.00
18.00
8.00
7.00
17.00
24.00
5.00
15.00
52.00
22.00
1.00
19.00
6.00
1.00
7.00
2.00
2.00
4.00
12.00
1.00
8.00
1.00
1.00
1.00
5.00
9.00
19.00
1.00
15.00
5.00
1.00
10.00
3.00
33.00
1.00
10.00
3.00
4.00
2.00
1.00
92.00
28.00
309.00
43.00
198.00
1.00
2.00
38.00
9.00
1.00
51.00
54.00
6.00
3.00
6.00
16.00
7.00
10.00
125.00
1.00
27.00
1.00
1.00
44.00
32.00
29.00
1.00
9.00
2.00
43.00
1.00
43.00
35.00
7.00
25.00
56.00
10.00
44.00
19.00
43.00
1.00
1.00
77.00
2.00
20.00
2.00
9.00
5.00
108.00
1.00
115.00
3.00
1.00
1.00
3.00
21.00
20.00
24.00
12.00
15.00
1.00
22.00
6.00
13.00
32.00
14.00
15.00
10.00
17.00
1.00
2.00
4.00
25.00
48.00
2.00
3.00
2.00
19.00
7.00
10.00
9.00
2.00
32.00
22.00
1.00
44.00
53.00
1.00
43.00
15.00
99.00
434.00
88.00
1.00
92.00
11.00
1.00
1.00
1.00
40.00
35.00
49.00
19.00
1.00
1.00
11.00
10.00
10.00
2.00
4.00
29.00
31.00
17.00
1.00
4.00
12.00
10.00
14.00
12.00
5.00
35.00
209.00
110.00
11.00
2.00
15.00
71.00
6.00
2.00
4.00
1.00
74.00
8.00
1.00
1.00
16.00
18.00
36.00
26.00
39.00
1.00
24.00
30.00
2.00
3.00
55.00
14.00
3.00
18.00
3.00
36.00
3.00
18.00
45.00
27.00
8.00
40.00
1.00
6.00
2.00
53.00
9.00
18.00
20.00
16.00
2.00
31.00
43.00
4.00
26.00
50.00
11.00
17.00
1.00
316.00
15.00
3.00
1.00
72.00
2.00
104.00
8.00
1.00
6.00
14.00
2.00
14.00
24.00
18.00
104.00
5.00
12.00
3.00
24.00
5.00
1.00
53.00
7.00
37.00
3.00
19.00
8.00
7.00
1.00
1.00
23.00
27.00
22.00
50.00
1.00
53.00
8.00
28.00
26.00
59.00
22.00
23.00
22.00
8.00
7.00
15.00
203.00
217.00
1.00
6.00
34.00
2.00
15.00
86.00
2.00
2.00
1.00
23.00
32.00
10.00
46.00
10.00
1.00
20.00
32.00
45.00
9.00
2.00
3.00
1.00
68.00
64.00
18.00
2.00
1.00
1.00
1.00
7.00
9.00
23.00
24.00
23.00
19.00
54.00
168.00
27.00
1.00
1.00
59.00
16.00
6.00
4.00
78.00
42.00
2.00
61.00
22.00
11.00
1.00
1.00
1.00
1.00
10.00
1.00
56.00
1.00
4.00
12.00
13.00
15.00
11.00
5.00
5.00
28.00
16.00
41.00
1.00
11.00
37.00
11.00
19.00
23.00
41.00
2.00
2.00
3.00
29.00
4.00
10.00
1.00
3.00
59.00
18.00
101.00
43.00
8.00
247.00
1.00
130.00
7.00
4.00
1.00
5.00
75.00
40.00
72.00
2.00
87.00
10.00
26.00
2.00
1.00
9.00
34.00
5.00
28.00
1.00
5.00
15.00
127.00
2.00
4.00
69.00
1.00
4.00
20.00
2.00
48.00
2.00
2.00
42.00
8.00
18.00
2.00
23.00
122.00
2.00
52.00
29.00
2.00
32.00
240.00
1.00
5.00
23.00
1.00
5.00
18.00
18.00
11.00
2.00
49.00
3.00
35.00
12.00
13.00
4.00
21.00
16.00
50.00
26.00
3.00
1.00
38.00
4.00
27.00
2.00
1.00
24.00
27.00
12.00
1.00
6.00
1.00
23.00
2.00
1.00
28.00
33.00
23.00
9.00
26.00
15.00
147.00
1.00
63.00
181.00
1.00
16.00
5.00
142.00
5.00
1.00
20.00
5.00
2.00
15.00
6.00
9.00
39.00
21.00
20.00
19.00
15.00
27.00
3.00
2.00
6.00
5.00
32.00
3.00
2.00
45.00
52.00
4.00
13.00
63.00
1.00
9.00
33.00
27.00
2.00
1.00
26.00
7.00
32.00
5.00
107.00
7.00
57.00
14.00
3.00
129.00
8.00
206.00
3.00
43.00
10.00
1.00
7.00
1.00
4.00
1.00
74.00
14.00
1.00
1.00
3.00
40.00
2.00
11.00
47.00
2.00
1.00
38.00
13.00
16.00
1.00
19.00
1.00
27.00
8.00
4.00
1.00
1.00
19.00
16.00
1.00
25.00
22.00
15.00
3.00
2.00
1.00
2.00
19.00
9.00
31.00
5.00
2.00
9.00
52.00
66.00
245.00
3.00
4.00
78.00
58.00
16.00
27.00
28.00
20.00
1.00
6.00
41.00
2.00
3.00
2.00
3.00
1.00
45.00
31.00
44.00
9.00
54.00
11.00
32.00
30.00
13.00
56.00
81.00
3.00
20.00
107.00
42.00
12.00
17.00
23.00
66.00
1.00
2.00
19.00
160.00
3.00
50.00
35.00
3.00
3.00
151.00
43.00
5.00
3.00
34.00
19.00
59.00
41.00
7.00
11.00
1.00
34.00
64.00
1.00
1.00
48.00
3.00
1.00
7.00
3.00
1.00
10.00
12.00
32.00
2.00
3.00
1.00
43.00
13.00
19.00
35.00
1.00
12.00
4.00
3.00
105.00
251.00
30.00
14.00
231.00
2.00
13.00
13.00
6.00
17.00
30.00
3.00
32.00
33.00
43.00
3.00
30.00
16.00
94.00
23.00
1.00
3.00
160.00
13.00
9.00
30.00
22.00
41.00
190.00
2.00
187.00
3.00
66.00
172.00
1.00
13.00
25.00
4.00
12.00
1.00
12.00
9.00
49.00
6.00
16.00
1.00
9.00
5.00
14.00
28.00
16.00
1.00
16.00
1.00
2.00
13.00
5.00
16.00
16.00
1.00
6.00
2.00
23.00
14.00
8.00
13.00
29.00
136.00
48.00
97.00
19.00
112.00
142.00
5.00
37.00
18.00
55.00
46.00
13.00
77.00
38.00
1.00
32.00
4.00
6.00
2.00
5.00
1.00
7.00
48.00
12.00
30.00
13.00
17.00
9.00
4.00
20.00
28.00
12.00
1.00
40.00
25.00
36.00
73.00
42.00
26.00
34.00
7.00
51.00
1.00
6.00
17.00
9.00
15.00
201.00
2.00
224.00
2.00
1.00
12.00
2.00
8.00
13.00
1.00
3.00
25.00
3.00
5.00
8.00
82.00
7.00
4.00
17.00
57.00
78.00
2.00
3.00
39.00
2.00
5.00
1.00
44.00
2.00
3.00
2.00
10.00
2.00
14.00
4.00
87.00
7.00
21.00
46.00
2.00
471.00
78.00
21.00
1.00
1.00
2.00
1.00
3.00
3.00
3.00
16.00
7.00
52.00
11.00
3.00
1.00
5.00
30.00
8.00
13.00
1.00
37.00
1.00
51.00
1.00
66.00
1.00
1.00
26.00
19.00
3.00
12.00
1.00
43.00
31.00
21.00
11.00
100.00
1.00
49.00
1.00
23.00
10.00
446.00
28.00
2.00
40.00
21.00
1.00
1.00
64.00
5.00
4.00
5.00
24.00
4.00
42.00
32.00
1.00
2.00
2.00
15.00
10.00
5.00
3.00
14.00
1.00
1.00
1.00
1.00
30.00
3.00
1.00
23.00
1.00
29.00
7.00
20.00
36.00
37.00
4.00
1.00
3.00
1.00
23.00
99.00
215.00
199.00
2.00
35.00
2.00
21.00
2.00
37.00
31.00
77.00
54.00
53.00
1.00
1.00
2.00
34.00
2.00
61.00
27.00
2.00
10.00
1.00
75.00
3.00
11.00
96.00
3.00
16.00
1.00
63.00
75.00
99.00
118.00
73.00
170.00
19.00
74.00
6.00
21.00
20.00
1.00
23.00
5.00
2.00
18.00
3.00
1.00
11.00
1.00
3.00
11.00
2.00
6.00
1.00
13.00
13.00
3.00
2.00
32.00
22.00
7.00
13.00
5.00
2.00
25.00
30.00
1.00
6.00
46.00
39.00
24.00
7.00
54.00
6.00
3.00
202.00
52.00
14.00
5.00
40.00
213.00
2.00
45.00
80.00
27.00
5.00
46.00
26.00
16.00
1.00
2.00
1.00
2.00
6.00
21.00
21.00
2.00
24.00
11.00
