133.00
101.00
24.00
41.00
3.00
97.00
1.00
12.00
13.00
5.00
21.00
321.00
244.00
55.00
37.00
1.00
1.00
12.00
117.00
1.00
3.00
30.00
6.00
1.00
4.00
12.00
12.00
72.00
95.00
149.00
33.00
35.00
29.00
620.00
52.00
1.00
8.00
31.00
1.00
2.00
1.00
14.00
70.00
3.00
56.00
10.00
11.00
28.00
46.00
54.00
46.00
8.00
32.00
6.00
8.00
17.00
1.00
11.00
5.00
27.00
13.00
2.00
7.00
107.00
92.00
391.00
1.00
7.00
2.00
45.00
39.00
12.00
34.00
78.00
20.00
6.00
66.00
1.00
13.00
27.00
97.00
68.00
49.00
17.00
33.00
14.00
9.00
2.00
7.00
4.00
1.00
8.00
64.00
5.00
75.00
6.00
21.00
27.00
28.00
11.00
376.00
34.00
7.00
2.00
13.00
115.00
30.00
28.00
10.00
19.00
6.00
3.00
7.00
29.00
90.00
92.00
15.00
1.00
51.00
19.00
12.00
7.00
7.00
138.00
21.00
2.00
4.00
14.00
29.00
32.00
1.00
3.00
30.00
53.00
383.00
1.00
3.00
1.00
3.00
14.00
24.00
4.00
11.00
7.00
17.00
9.00
2.00
24.00
8.00
42.00
8.00
23.00
59.00
6.00
15.00
17.00
1.00
43.00
30.00
59.00
4.00
32.00
24.00
37.00
29.00
12.00
119.00
1.00
30.00
2.00
10.00
73.00
3.00
36.00
21.00
37.00
329.00
51.00
8.00
27.00
42.00
44.00
32.00
1.00
1.00
17.00
74.00
41.00
15.00
82.00
76.00
24.00
5.00
14.00
36.00
39.00
42.00
26.00
16.00
2.00
9.00
41.00
47.00
71.00
481.00
2.00
18.00
117.00
7.00
14.00
11.00
43.00
13.00
60.00
31.00
3.00
11.00
28.00
31.00
8.00
11.00
1.00
6.00
33.00
37.00
43.00
13.00
152.00
89.00
4.00
10.00
457.00
23.00
6.00
21.00
29.00
29.00
4.00
66.00
3.00
63.00
1.00
11.00
46.00
3.00
9.00
7.00
1.00
96.00
13.00
55.00
10.00
7.00
30.00
22.00
1.00
1.00
22.00
9.00
18.00
8.00
67.00
3.00
7.00
81.00
1.00
44.00
497.00
11.00
78.00
1.00
27.00
59.00
33.00
64.00
8.00
28.00
2.00
23.00
30.00
5.00
3.00
19.00
36.00
80.00
5.00
51.00
70.00
6.00
69.00
4.00
54.00
1.00
17.00
511.00
32.00
38.00
14.00
3.00
2.00
8.00
15.00
36.00
3.00
1.00
17.00
10.00
50.00
29.00
35.00
1.00
65.00
15.00
77.00
96.00
15.00
1.00
2.00
159.00
1.00
28.00
17.00
7.00
23.00
496.00
1.00
1.00
7.00
3.00
90.00
1.00
3.00
21.00
157.00
7.00
1.00
21.00
20.00
19.00
12.00
16.00
50.00
53.00
13.00
12.00
9.00
5.00
60.00
2.00
3.00
45.00
14.00
16.00
1.00
17.00
15.00
63.00
131.00
297.00
24.00
2.00
57.00
12.00
30.00
39.00
43.00
12.00
36.00
74.00
81.00
4.00
9.00
18.00
3.00
22.00
27.00
57.00
1.00
2.00
91.00
10.00
5.00
7.00
158.00
52.00
22.00
5.00
395.00
7.00
5.00
3.00
3.00
17.00
41.00
1.00
75.00
1.00
17.00
3.00
8.00
34.00
21.00
3.00
9.00
1.00
12.00
43.00
14.00
13.00
25.00
34.00
21.00
11.00
7.00
1.00
1.00
67.00
2.00
29.00
62.00
12.00
4.00
3.00
66.00
3.00
16.00
3.00
73.00
40.00
393.00
1.00
30.00
2.00
37.00
3.00
1.00
14.00
6.00
9.00
17.00
11.00
73.00
7.00
17.00
17.00
89.00
1.00
8.00
20.00
3.00
51.00
24.00
19.00
9.00
18.00
23.00
3.00
14.00
8.00
6.00
3.00
46.00
2.00
1.00
32.00
64.00
3.00
19.00
9.00
21.00
1.00
6.00
21.00
2.00
24.00
3.00
68.00
415.00
16.00
65.00
21.00
1.00
1.00
10.00
27.00
8.00
51.00
7.00
7.00
28.00
30.00
61.00
116.00
139.00
4.00
22.00
76.00
7.00
40.00
60.00
12.00
11.00
54.00
12.00
1.00
1.00
3.00
10.00
36.00
394.00
87.00
45.00
18.00
14.00
19.00
64.00
7.00
14.00
6.00
13.00
91.00
38.00
12.00
71.00
4.00
32.00
2.00
6.00
25.00
34.00
17.00
132.00
106.00
18.00
35.00
103.00
1.00
325.00
87.00
21.00
1.00
29.00
35.00
38.00
69.00
138.00
65.00
7.00
12.00
9.00
9.00
1.00
12.00
9.00
7.00
8.00
102.00
32.00
15.00
37.00
1.00
14.00
3.00
80.00
81.00
53.00
218.00
6.00
3.00
62.00
33.00
3.00
64.00
17.00
20.00
66.00
50.00
13.00
17.00
6.00
4.00
22.00
2.00
5.00
3.00
1.00
3.00
36.00
7.00
33.00
12.00
31.00
5.00
18.00
15.00
4.00
12.00
28.00
3.00
6.00
19.00
22.00
16.00
2.00
1.00
23.00
29.00
20.00
21.00
77.00
1.00
35.00
14.00
8.00
3.00
19.00
8.00
22.00
1.00
289.00
79.00
25.00
1.00
3.00
1.00
10.00
18.00
7.00
4.00
1.00
7.00
40.00
10.00
20.00
20.00
7.00
1.00
52.00
6.00
4.00
4.00
15.00
65.00
11.00
12.00
3.00
17.00
4.00
35.00
6.00
2.00
8.00
1.00
16.00
52.00
10.00
1.00
2.00
16.00
113.00
7.00
56.00
59.00
1.00
149.00
294.00
137.00
191.00
8.00
10.00
52.00
5.00
37.00
18.00
20.00
17.00
16.00
24.00
11.00
17.00
1.00
14.00
38.00
16.00
3.00
8.00
15.00
19.00
24.00
1.00
9.00
3.00
44.00
7.00
4.00
19.00
1.00
30.00
204.00
63.00
216.00
2.00
48.00
17.00
126.00
74.00
26.00
31.00
41.00
24.00
26.00
11.00
1.00
12.00
34.00
28.00
16.00
1.00
18.00
1.00
10.00
13.00
6.00
40.00
37.00
29.00
35.00
23.00
22.00
2.00
2.00
3.00
34.00
12.00
3.00
91.00
293.00
2.00
59.00
11.00
35.00
23.00
10.00
30.00
2.00
1.00
14.00
33.00
3.00
7.00
14.00
26.00
7.00
3.00
11.00
2.00
32.00
18.00
10.00
28.00
5.00
12.00
13.00
4.00
8.00
23.00
1.00
9.00
1.00
9.00
35.00
15.00
1.00
88.00
11.00
6.00
7.00
4.00
4.00
22.00
2.00
8.00
19.00
9.00
1.00
14.00
9.00
37.00
12.00
20.00
10.00
360.00
40.00
11.00
1.00
13.00
4.00
1.00
59.00
18.00
23.00
12.00
39.00
8.00
73.00
36.00
3.00
1.00
1.00
2.00
6.00
50.00
8.00
27.00
33.00
5.00
9.00
90.00
21.00
58.00
31.00
42.00
74.00
1.00
69.00
182.00
273.00
43.00
8.00
1.00
1.00
24.00
1.00
2.00
53.00
33.00
1.00
65.00
25.00
3.00
9.00
49.00
9.00
30.00
37.00
11.00
7.00
9.00
3.00
28.00
2.00
32.00
17.00
6.00
3.00
58.00
6.00
18.00
12.00
42.00
55.00
10.00
5.00
1.00
11.00
43.00
2.00
46.00
38.00
461.00
1.00
2.00
73.00
12.00
12.00
83.00
31.00
3.00
60.00
3.00
11.00
110.00
8.00
33.00
26.00
1.00
11.00
44.00
33.00
6.00
39.00
3.00
7.00
11.00
74.00
2.00
1.00
65.00
1.00
11.00
4.00
193.00
1.00
174.00
7.00
14.00
9.00
1.00
63.00
7.00
7.00
55.00
1.00
147.00
4.00
3.00
9.00
2.00
43.00
18.00
4.00
5.00
47.00
33.00
11.00
5.00
1.00
9.00
23.00
33.00
16.00
1.00
2.00
32.00
71.00
6.00
25.00
16.00
471.00
3.00
1.00
8.00
61.00
52.00
18.00
1.00
1.00
20.00
50.00
55.00
46.00
22.00
15.00
5.00
10.00
1.00
3.00
45.00
13.00
4.00
14.00
7.00
15.00
40.00
57.00
45.00
9.00
26.00
80.00
31.00
46.00
42.00
445.00
2.00
1.00
129.00
8.00
7.00
11.00
22.00
15.00
7.00
33.00
40.00
19.00
19.00
8.00
7.00
25.00
23.00
27.00
16.00
46.00
14.00
1.00
2.00
12.00
27.00
1.00
1.00
68.00
23.00
3.00
102.00
72.00
115.00
350.00
8.00
3.00
1.00
1.00
15.00
27.00
2.00
38.00
8.00
1.00
2.00
7.00
3.00
1.00
1.00
31.00
2.00
21.00
10.00
9.00
14.00
39.00
2.00
2.00
37.00
37.00
23.00
17.00
10.00
13.00
8.00
31.00
1.00
57.00
4.00
39.00
1.00
24.00
29.00
55.00
3.00
19.00
14.00
28.00
501.00
5.00
3.00
1.00
11.00
6.00
1.00
8.00
40.00
25.00
39.00
20.00
13.00
1.00
3.00
19.00
64.00
31.00
12.00
57.00
11.00
13.00
1.00
10.00
25.00
12.00
12.00
7.00
23.00
7.00
51.00
22.00
69.00
2.00
62.00
10.00
1.00
20.00
6.00
20.00
2.00
28.00
14.00
73.00
37.00
59.00
256.00
25.00
50.00
1.00
6.00
18.00
4.00
31.00
5.00
4.00
65.00
72.00
17.00
44.00
52.00
30.00
25.00
8.00
8.00
26.00
14.00
1.00
18.00
18.00
10.00
2.00
31.00
2.00
12.00
8.00
5.00
4.00
5.00
15.00
6.00
10.00
11.00
38.00
1.00
2.00
10.00
11.00
2.00
3.00
14.00
3.00
60.00
15.00
1.00
3.00
2.00
300.00
26.00
11.00
12.00
32.00
6.00
13.00
6.00
29.00
58.00
32.00
2.00
42.00
31.00
26.00
31.00
24.00
3.00
25.00
31.00
7.00
36.00
11.00
1.00
16.00
10.00
36.00
43.00
24.00
24.00
66.00
18.00
1.00
3.00
44.00
2.00
77.00
185.00
2.00
106.00
1.00
5.00
3.00
31.00
1.00
3.00
69.00
8.00
23.00
3.00
2.00
59.00
3.00
15.00
6.00
11.00
31.00
31.00
9.00
17.00
20.00
2.00
2.00
13.00
5.00
9.00
7.00
43.00
7.00
32.00
15.00
68.00
18.00
2.00
1.00
2.00
64.00
1.00
17.00
4.00
3.00
9.00
6.00
445.00
6.00
25.00
81.00
7.00
5.00
14.00
1.00
16.00
14.00
14.00
19.00
52.00
30.00
7.00
121.00
18.00
2.00
11.00
1.00
6.00
1.00
1.00
7.00
2.00
2.00
26.00
3.00
37.00
1.00
5.00
9.00
54.00
3.00
8.00
3.00
3.00
14.00
35.00
1.00
1.00
8.00
114.00
4.00
2.00
1.00
357.00
100.00
2.00
5.00
3.00
14.00
7.00
3.00
1.00
21.00
38.00
2.00
1.00
126.00
6.00
5.00
2.00
3.00
6.00
61.00
24.00
26.00
11.00
1.00
18.00
1.00
27.00
8.00
30.00
30.00
86.00
4.00
6.00
4.00
39.00
53.00
2.00
46.00
24.00
272.00
111.00
23.00
2.00
12.00
12.00
11.00
49.00
5.00
17.00
18.00
25.00
14.00
11.00
3.00
6.00
21.00
9.00
8.00
3.00
98.00
35.00
13.00
2.00
28.00
8.00
20.00
3.00
20.00
20.00
4.00
2.00
23.00
132.00
1.00
25.00
3.00
7.00
65.00
366.00
48.00
52.00
69.00
1.00
17.00
2.00
11.00
8.00
12.00
12.00
7.00
69.00
4.00
1.00
61.00
9.00
20.00
30.00
28.00
15.00
59.00
18.00
16.00
4.00
6.00
9.00
3.00
4.00
34.00
72.00
12.00
1.00
23.00
6.00
2.00
27.00
1.00
21.00
11.00
6.00
19.00
23.00
19.00
2.00
339.00
25.00
73.00
46.00
49.00
16.00
38.00
11.00
2.00
8.00
89.00
6.00
1.00
6.00
28.00
52.00
8.00
5.00
8.00
10.00
1.00
7.00
9.00
6.00
5.00
5.00
17.00
24.00
44.00
14.00
10.00
19.00
52.00
16.00
11.00
2.00
1.00
16.00
42.00
22.00
1.00
27.00
15.00
7.00
14.00
1.00
1.00
1.00
1.00
5.00
35.00
363.00
3.00
63.00
8.00
6.00
34.00
7.00
27.00
28.00
1.00
4.00
16.00
17.00
44.00
76.00
36.00
2.00
24.00
21.00
8.00
6.00
2.00
2.00
8.00
6.00
5.00
12.00
26.00
26.00
21.00
89.00
16.00
23.00
7.00
16.00
17.00
6.00
26.00
66.00
30.00
2.00
9.00
326.00
34.00
61.00
64.00
1.00
61.00
10.00
3.00
131.00
