3.00
6.00
1.00
1.00
1.00
11.00
4.00
17.00
1.00
4.00
2.00
7.00
6.00
6.00
1.00
4.00
25.00
15.00
2.00
1.00
17.00
4.00
5.00
2.00
3.00
8.00
2.00
2.00
3.00
5.00
13.00
3.00
7.00
4.00
5.00
2.00
5.00
6.00
3.00
1.00
1.00
4.00
1.00
9.00
6.00
9.00
3.00
1.00
3.00
6.00
1.00
2.00
1.00
3.00
5.00
3.00
1.00
9.00
1.00
2.00
4.00
4.00
2.00
4.00
5.00
1.00
9.00
3.00
2.00
1.00
1.00
1.00
3.00
1.00
1.00
6.00
1.00
9.00
11.00
1.00
8.00
10.00
1.00
2.00
10.00
3.00
6.00
3.00
7.00
10.00
4.00
6.00
14.00
2.00
2.00
3.00
1.00
2.00
1.00
2.00
3.00
11.00
5.00
5.00
17.00
7.00
3.00
6.00
1.00
9.00
3.00
4.00
9.00
7.00
7.00
5.00
1.00
13.00
1.00
2.00
1.00
1.00
5.00
6.00
3.00
3.00
1.00
1.00
1.00
12.00
3.00
6.00
6.00
6.00
1.00
25.00
5.00
19.00
1.00
7.00
2.00
8.00
1.00
9.00
7.00
28.00
4.00
1.00
2.00
3.00
1.00
2.00
9.00
1.00
1.00
2.00
5.00
7.00
1.00
4.00
3.00
14.00
2.00
1.00
16.00
4.00
15.00
1.00
7.00
1.00
2.00
10.00
3.00
6.00
6.00
6.00
11.00
1.00
1.00
1.00
1.00
2.00
3.00
6.00
2.00
1.00
2.00
2.00
9.00
1.00
1.00
5.00
3.00
1.00
5.00
5.00
1.00
2.00
28.00
27.00
3.00
1.00
5.00
1.00
7.00
1.00
7.00
3.00
3.00
2.00
13.00
2.00
1.00
1.00
3.00
6.00
9.00
2.00
2.00
3.00
4.00
14.00
2.00
3.00
4.00
4.00
3.00
1.00
6.00
2.00
4.00
2.00
17.00
5.00
1.00
1.00
24.00
5.00
4.00
2.00
5.00
3.00
8.00
1.00
3.00
2.00
3.00
23.00
1.00
2.00
5.00
1.00
2.00
1.00
6.00
2.00
6.00
3.00
2.00
2.00
2.00
7.00
2.00
1.00
15.00
5.00
19.00
2.00
2.00
37.00
1.00
13.00
1.00
7.00
9.00
3.00
2.00
6.00
1.00
34.00
9.00
1.00
1.00
5.00
12.00
6.00
4.00
3.00
2.00
1.00
4.00
14.00
15.00
5.00
8.00
1.00
2.00
3.00
4.00
25.00
1.00
10.00
1.00
1.00
3.00
1.00
2.00
1.00
1.00
1.00
6.00
7.00
2.00
5.00
4.00
3.00
3.00
27.00
11.00
4.00
7.00
1.00
1.00
6.00
1.00
1.00
12.00
1.00
21.00
1.00
5.00
2.00
12.00
5.00
3.00
2.00
1.00
1.00
1.00
3.00
1.00
1.00
3.00
4.00
6.00
1.00
3.00
9.00
2.00
7.00
6.00
14.00
5.00
6.00
23.00
1.00
2.00
1.00
7.00
1.00
4.00
3.00
1.00
7.00
1.00
6.00
5.00
4.00
1.00
3.00
21.00
6.00
4.00
1.00
3.00
3.00
8.00
24.00
3.00
3.00
2.00
1.00
1.00
1.00
11.00
7.00
7.00
1.00
1.00
10.00
12.00
12.00
7.00
3.00
5.00
2.00
6.00
3.00
1.00
2.00
6.00
6.00
9.00
1.00
9.00
2.00
39.00
6.00
5.00
2.00
8.00
5.00
1.00
2.00
8.00
9.00
1.00
8.00
2.00
3.00
8.00
2.00
5.00
8.00
3.00
4.00
1.00
7.00
3.00
1.00
1.00
10.00
1.00
6.00
2.00
2.00
1.00
1.00
2.00
7.00
17.00
1.00
3.00
2.00
1.00
26.00
1.00
1.00
9.00
2.00
14.00
1.00
18.00
2.00
11.00
1.00
3.00
2.00
1.00
1.00
1.00
3.00
7.00
18.00
1.00
3.00
4.00
5.00
8.00
13.00
12.00
7.00
4.00
9.00
13.00
9.00
4.00
36.00
1.00
1.00
5.00
7.00
18.00
5.00
2.00
2.00
2.00
1.00
4.00
5.00
2.00
3.00
9.00
14.00
18.00
2.00
10.00
2.00
1.00
4.00
11.00
3.00
1.00
11.00
4.00
35.00
3.00
4.00
41.00
3.00
4.00
3.00
18.00
4.00
1.00
7.00
5.00
1.00
8.00
4.00
2.00
6.00
2.00
4.00
14.00
3.00
5.00
19.00
1.00
2.00
2.00
2.00
2.00
3.00
2.00
4.00
3.00
1.00
2.00
3.00
4.00
3.00
2.00
2.00
6.00
1.00
10.00
1.00
2.00
12.00
21.00
17.00
18.00
3.00
1.00
8.00
29.00
2.00
12.00
6.00
3.00
8.00
11.00
1.00
7.00
4.00
7.00
11.00
18.00
6.00
1.00
1.00
2.00
3.00
11.00
1.00
1.00
2.00
5.00
1.00
1.00
14.00
4.00
7.00
4.00
2.00
2.00
3.00
1.00
6.00
2.00
5.00
3.00
5.00
3.00
11.00
8.00
1.00
5.00
4.00
2.00
3.00
1.00
3.00
2.00
26.00
8.00
36.00
3.00
1.00
1.00
1.00
6.00
1.00
5.00
4.00
13.00
1.00
2.00
8.00
2.00
5.00
7.00
22.00
1.00
6.00
4.00
3.00
4.00
2.00
1.00
7.00
19.00
3.00
1.00
1.00
9.00
1.00
20.00
1.00
1.00
1.00
6.00
2.00
1.00
1.00
4.00
5.00
1.00
3.00
16.00
21.00
8.00
4.00
1.00
24.00
8.00
2.00
3.00
4.00
7.00
5.00
1.00
1.00
1.00
1.00
1.00
1.00
3.00
3.00
2.00
8.00
10.00
9.00
19.00
19.00
8.00
1.00
7.00
1.00
1.00
2.00
4.00
5.00
1.00
2.00
1.00
9.00
13.00
1.00
1.00
11.00
23.00
3.00
2.00
21.00
6.00
12.00
2.00
2.00
7.00
3.00
50.00
21.00
6.00
4.00
18.00
3.00
1.00
1.00
7.00
7.00
2.00
4.00
4.00
1.00
3.00
2.00
12.00
7.00
6.00
7.00
1.00
1.00
6.00
1.00
1.00
4.00
3.00
8.00
8.00
16.00
4.00
26.00
1.00
13.00
5.00
2.00
6.00
2.00
29.00
2.00
2.00
8.00
1.00
2.00
3.00
1.00
5.00
3.00
2.00
1.00
4.00
20.00
7.00
6.00
8.00
1.00
3.00
4.00
4.00
3.00
5.00
1.00
1.00
3.00
24.00
19.00
2.00
3.00
5.00
5.00
10.00
11.00
25.00
13.00
5.00
