21
20
23
7
0
0
0
0
7
10
34
5
34
10
6
12
0
0
0
0
0
0
11
32
29
35
19
8
5
0
0
0
5
7
13
77
61
50
40
0
0
0
0
0
7
14
15
1
38
31
16
8
7
0
0
0
6
15
24
21
67
28
17
7
0
0
0
0
0
13
4
67
39
78
23
0
7
0
0
0
10
13
53
20
11
59
37
9
0
0
0
0
0
9
38
13
34
29
2
12
0
0
0
0
16
2
19
26
39
33
33
8
0
0
0
0
9
22
21
27
26
69
31
11
0
0
0
2
5
0
29
38
0
16
13
23
0
0
0
0
10
15
0
24
35
24
55
0
0
0
0
0
18
6
47
68
11
8
36
2
0
0
0
0
9
29
25
20
75
46
36
4
0
0
0
1
7
4
28
0
10
0
0
5
0
0
0
0
2
7
17
45
61
45
46
0
0
0
0
0
16
13
10
20
2
16
6
0
2
0
0
0
0
17
47
38
46
44
5
0
0
0
0
0
0
6
50
12
9
41
12
24
0
0
0
4
31
2
11
45
58
42
7
1
0
0
0
0
19
30
41
0
31
21
10
3
0
0
0
3
2
33
23
58
46
30
37
8
0
0
0
0
11
6
13
22
43
35
14
0
0
0
0
0
17
28
28
33
34
20
14
0
0
0
0
0
32
27
62
16
0
0
0
0
0
0
0
0
0
0
0
0
0
0
0
0
0
0
0
0
0
0
0
0
0
0
0
0
0
0
0
0
0
0
0
0
0
0
0
0
0
0
0
0
0
0
0
0
0
0
0
0
0
0
0
0
0
0
0
0
