68.00
20.00
14.00
8.00
2.00
32.00
15.00
4.00
10.00
6.00
26.00
3.00
32.00
15.00
2.00
5.00
47.00
51.00
23.00
4.00
105.00
1.00
110.00
1.00
6.00
42.00
33.00
52.00
1.00
3.00
33.00
1.00
29.00
93.00
6.00
7.00
50.00
6.00
18.00
10.00
1.00
1.00
9.00
8.00
3.00
17.00
33.00
5.00
17.00
3.00
26.00
36.00
7.00
3.00
16.00
26.00
5.00
22.00
2.00
19.00
74.00
3.00
1.00
50.00
8.00
31.00
25.00
1.00
215.00
79.00
166.00
61.00
1.00
2.00
2.00
10.00
1.00
23.00
29.00
13.00
44.00
48.00
41.00
34.00
14.00
52.00
26.00
2.00
4.00
16.00
33.00
8.00
12.00
17.00
21.00
33.00
87.00
3.00
197.00
140.00
66.00
318.00
43.00
6.00
1.00
14.00
4.00
2.00
1.00
10.00
7.00
22.00
35.00
17.00
21.00
7.00
55.00
1.00
4.00
19.00
4.00
17.00
15.00
5.00
16.00
91.00
38.00
1.00
15.00
2.00
29.00
11.00
2.00
36.00
34.00
287.00
242.00
8.00
21.00
23.00
7.00
12.00
1.00
1.00
75.00
25.00
2.00
3.00
13.00
1.00
6.00
4.00
2.00
12.00
11.00
10.00
22.00
29.00
1.00
33.00
5.00
3.00
6.00
1.00
1.00
22.00
5.00
38.00
2.00
4.00
16.00
39.00
13.00
1.00
7.00
11.00
10.00
23.00
46.00
3.00
84.00
63.00
7.00
215.00
2.00
3.00
71.00
50.00
41.00
43.00
33.00
20.00
11.00
27.00
1.00
1.00
24.00
18.00
23.00
9.00
6.00
9.00
19.00
9.00
14.00
1.00
4.00
3.00
15.00
49.00
40.00
6.00
7.00
4.00
9.00
33.00
49.00
3.00
14.00
13.00
12.00
20.00
11.00
14.00
82.00
96.00
1.00
250.00
8.00
222.00
1.00
4.00
13.00
10.00
24.00
31.00
22.00
19.00
1.00
2.00
7.00
23.00
60.00
7.00
10.00
3.00
38.00
3.00
76.00
1.00
1.00
2.00
71.00
41.00
23.00
15.00
54.00
51.00
4.00
17.00
5.00
127.00
19.00
11.00
1.00
189.00
193.00
31.00
47.00
13.00
17.00
23.00
45.00
22.00
32.00
7.00
15.00
4.00
3.00
11.00
5.00
9.00
59.00
33.00
65.00
3.00
2.00
5.00
14.00
5.00
2.00
15.00
33.00
19.00
16.00
85.00
54.00
12.00
1.00
4.00
47.00
123.00
77.00
32.00
1.00
119.00
2.00
1.00
6.00
28.00
11.00
27.00
2.00
3.00
1.00
5.00
4.00
11.00
2.00
23.00
6.00
1.00
17.00
24.00
6.00
14.00
22.00
27.00
19.00
17.00
5.00
2.00
1.00
3.00
1.00
2.00
5.00
13.00
4.00
1.00
5.00
8.00
5.00
3.00
2.00
15.00
5.00
10.00
37.00
9.00
2.00
3.00
94.00
345.00
45.00
201.00
1.00
2.00
4.00
28.00
7.00
5.00
54.00
5.00
29.00
24.00
6.00
15.00
4.00
1.00
10.00
3.00
119.00
26.00
46.00
5.00
30.00
29.00
12.00
42.00
32.00
10.00
16.00
17.00
5.00
25.00
65.00
6.00
68.00
44.00
4.00
81.00
2.00
1.00
30.00
1.00
53.00
28.00
39.00
101.00
23.00
21.00
20.00
23.00
8.00
24.00
2.00
6.00
7.00
6.00
11.00
32.00
19.00
15.00
10.00
15.00
3.00
26.00
1.00
47.00
1.00
5.00
1.00
28.00
8.00
8.00
1.00
1.00
32.00
3.00
18.00
1.00
44.00
49.00
3.00
16.00
43.00
97.00
124.00
312.00
87.00
65.00
19.00
3.00
11.00
37.00
27.00
1.00
50.00
20.00
7.00
21.00
11.00
4.00
1.00
5.00
7.00
22.00
33.00
18.00
5.00
9.00
8.00
18.00
13.00
6.00
35.00
67.00
138.00
122.00
2.00
1.00
1.00
22.00
88.00
2.00
95.00
12.00
58.00
2.00
11.00
1.00
3.00
2.00
43.00
5.00
13.00
4.00
32.00
4.00
49.00
6.00
4.00
7.00
3.00
17.00
6.00
5.00
21.00
18.00
23.00
17.00
1.00
24.00
7.00
36.00
2.00
4.00
53.00
3.00
19.00
22.00
16.00
35.00
1.00
44.00
3.00
25.00
28.00
20.00
7.00
16.00
340.00
77.00
103.00
7.00
7.00
9.00
7.00
40.00
18.00
36.00
12.00
49.00
11.00
3.00
19.00
6.00
50.00
7.00
17.00
7.00
2.00
6.00
8.00
5.00
3.00
24.00
28.00
21.00
28.00
2.00
21.00
36.00
15.00
37.00
25.00
14.00
44.00
50.00
22.00
10.00
8.00
9.00
165.00
256.00
1.00
4.00
33.00
15.00
86.00
2.00
20.00
31.00
3.00
46.00
8.00
58.00
45.00
9.00
2.00
1.00
37.00
6.00
1.00
18.00
1.00
1.00
63.00
18.00
6.00
8.00
12.00
1.00
21.00
25.00
17.00
21.00
189.00
31.00
29.00
60.00
18.00
190.00
25.00
11.00
1.00
12.00
53.00
1.00
1.00
2.00
4.00
2.00
10.00
11.00
8.00
11.00
9.00
7.00
7.00
2.00
22.00
2.00
3.00
11.00
7.00
34.00
11.00
4.00
15.00
10.00
12.00
9.00
6.00
1.00
27.00
27.00
17.00
5.00
4.00
16.00
10.00
2.00
4.00
18.00
12.00
58.00
18.00
1.00
5.00
99.00
45.00
13.00
247.00
127.00
2.00
2.00
2.00
2.00
70.00
37.00
21.00
50.00
88.00
10.00
6.00
14.00
4.00
7.00
44.00
7.00
18.00
15.00
6.00
119.00
20.00
2.00
17.00
39.00
11.00
2.00
6.00
2.00
18.00
1.00
49.00
2.00
10.00
3.00
28.00
10.00
1.00
17.00
22.00
54.00
66.00
2.00
6.00
42.00
38.00
34.00
1.00
186.00
8.00
1.00
52.00
31.00
2.00
10.00
34.00
8.00
3.00
2.00
50.00
47.00
13.00
28.00
7.00
5.00
79.00
1.00
36.00
4.00
28.00
14.00
3.00
6.00
27.00
27.00
13.00
5.00
28.00
1.00
35.00
32.00
23.00
10.00
27.00
15.00
150.00
68.00
183.00
31.00
1.00
141.00
6.00
22.00
14.00
8.00
10.00
38.00
40.00
16.00
14.00
27.00
3.00
7.00
6.00
25.00
5.00
1.00
5.00
1.00
1.00
46.00
52.00
4.00
87.00
33.00
27.00
4.00
28.00
5.00
15.00
13.00
4.00
107.00
8.00
58.00
15.00
1.00
3.00
135.00
79.00
1.00
128.00
18.00
23.00
17.00
5.00
6.00
70.00
3.00
14.00
2.00
37.00
11.00
53.00
5.00
27.00
14.00
15.00
1.00
15.00
26.00
9.00
5.00
2.00
21.00
17.00
3.00
24.00
22.00
15.00
8.00
2.00
32.00
25.00
3.00
20.00
53.00
64.00
249.00
18.00
127.00
1.00
10.00
1.00
3.00
11.00
30.00
23.00
4.00
43.00
2.00
3.00
13.00
46.00
31.00
16.00
26.00
1.00
2.00
61.00
3.00
1.00
2.00
28.00
30.00
1.00
9.00
41.00
11.00
80.00
20.00
3.00
101.00
1.00
39.00
3.00
8.00
18.00
26.00
66.00
190.00
95.00
3.00
126.00
47.00
1.00
5.00
7.00
34.00
19.00
20.00
17.00
20.00
35.00
8.00
16.00
11.00
22.00
65.00
2.00
44.00
4.00
2.00
7.00
4.00
1.00
5.00
12.00
32.00
3.00
21.00
1.00
13.00
6.00
1.00
14.00
13.00
35.00
19.00
2.00
9.00
59.00
300.00
63.00
147.00
12.00
53.00
1.00
6.00
10.00
11.00
6.00
13.00
1.00
30.00
1.00
18.00
1.00
23.00
58.00
31.00
13.00
1.00
93.00
19.00
4.00
126.00
12.00
17.00
12.00
11.00
30.00
23.00
45.00
190.00
438.00
16.00
18.00
32.00
12.00
8.00
49.00
5.00
1.00
18.00
8.00
1.00
2.00
63.00
13.00
1.00
1.00
2.00
42.00
18.00
1.00
23.00
11.00
6.00
14.00
14.00
12.00
1.00
1.00
133.00
48.00
2.00
3.00
88.00
21.00
113.00
3.00
3.00
250.00
68.00
1.00
73.00
12.00
27.00
19.00
10.00
3.00
6.00
2.00
5.00
1.00
6.00
52.00
1.00
14.00
15.00
11.00
18.00
9.00
5.00
1.00
22.00
28.00
11.00
42.00
24.00
1.00
43.00
27.00
35.00
1.00
45.00
1.00
28.00
30.00
7.00
1.00
52.00
4.00
10.00
3.00
8.00
18.00
2.00
18.00
22.00
25.00
150.00
199.00
30.00
9.00
7.00
7.00
2.00
19.00
3.00
1.00
5.00
70.00
1.00
4.00
3.00
2.00
11.00
2.00
55.00
32.00
4.00
33.00
4.00
23.00
1.00
1.00
3.00
6.00
6.00
45.00
3.00
2.00
8.00
21.00
88.00
7.00
21.00
15.00
34.00
364.00
108.00
1.00
74.00
25.00
15.00
2.00
1.00
5.00
49.00
8.00
2.00
4.00
1.00
26.00
8.00
12.00
42.00
2.00
50.00
64.00
18.00
9.00
2.00
18.00
12.00
46.00
38.00
18.00
1.00
11.00
72.00
25.00
37.00
2.00
7.00
28.00
14.00
73.00
292.00
79.00
32.00
60.00
1.00
4.00
24.00
7.00
19.00
7.00
3.00
22.00
19.00
20.00
33.00
1.00
2.00
3.00
1.00
15.00
10.00
1.00
16.00
2.00
4.00
2.00
30.00
2.00
22.00
33.00
25.00
36.00
12.00
22.00
5.00
7.00
21.00
1.00
85.00
13.00
419.00
30.00
30.00
33.00
9.00
21.00
49.00
30.00
54.00
52.00
1.00
37.00
4.00
60.00
28.00
3.00
7.00
9.00
29.00
41.00
3.00
12.00
98.00
2.00
14.00
7.00
1.00
244.00
203.00
2.00
201.00
10.00
54.00
9.00
5.00
19.00
23.00
9.00
18.00
2.00
12.00
6.00
2.00
9.00
1.00
3.00
1.00
11.00
12.00
3.00
31.00
21.00
6.00
13.00
4.00
2.00
25.00
30.00
4.00
3.00
3.00
40.00
36.00
1.00
20.00
5.00
53.00
7.00
4.00
167.00
113.00
42.00
2.00
189.00
19.00
46.00
84.00
12.00
26.00
18.00
24.00
16.00
2.00
1.00
1.00
22.00
1.00
15.00
3.00
21.00
