3
1
8
0
0
0
0
9
44
13
0
3
0
0
0
0
8
15
19
26
17
3
0
0
0
15
12
3
30
0
8
0
0
2
4
11
17
3
29
0
0
0
14
29
11
21
3
7
1
0
0
0
1
5
1
12
8
1
0
0
2
19
1
40
12
3
0
0
0
29
0
14
18
8
29
5
0
0
8
19
8
6
10
2
0
0
0
15
23
6
9
5
8
0
0
0
23
0
10
17
19
3
0
0
3
2
8
3
6
17
7
7
0
0
8
24
23
22
6
18
7
0
0
7
13
0
30
15
10
0
0
0
2
27
0
0
14
1
7
0
0
7
32
18
12
1
0
0
0
0
0
13
3
31
8
12
1
0
0
0
6
19
31
28
10
1
0
0
38
10
9
47
42
8
0
1
1
0
2
5
32
7
2
0
0
0
10
0
22
23
24
9
9
0
0
12
35
34
30
11
14
3
0
0
14
10
0
39
0
4
1
0
0
5
1
9
52
35
15
1
0
0
8
13
17
2
23
10
15
0
0
22
0
3
65
44
12
0
0
0
8
18
35
2
0
0
5
0
0
1
11
19
34
14
7
5
0
0
8
35
6
4
25
16
2
0
0
0
10
5
34
32
11
4
14
0
31
24
22
26
22
30
19
1
0
19
42
12
9
21
5
30
7
0
11
37
29
49
49
7
19
0
0
25
16
20
14
58
16
22
5
0
14
30
11
13
27
4
8
2
0
3
26
30
4
38
0
10
0
0
8
16
8
29
22
5
17
0
0
0
9
12
73
24
11
8
0
0
2
20
9
27
75
7
11
2
0
5
18
1
