4.00
111.00
9.00
1.00
65.00
1.00
25.00
30.00
4.00
78.00
35.00
5.00
84.00
11.00
236.00
35.00
311.00
26.00
50.00
4.00
19.00
20.00
9.00
15.00
30.00
44.00
32.00
9.00
33.00
36.00
1.00
64.00
35.00
5.00
204.00
37.00
30.00
341.00
226.00
1.00
28.00
105.00
3.00
48.00
107.00
89.00
14.00
11.00
125.00
124.00
750.00
39.00
43.00
26.00
94.00
63.00
8.00
72.00
14.00
46.00
1.00
6.00
25.00
1.00
34.00
4.00
4.00
22.00
1.00
219.00
25.00
40.00
624.00
1.00
70.00
103.00
1.00
9.00
23.00
4.00
18.00
16.00
5.00
3.00
39.00
71.00
3.00
1.00
2.00
5.00
24.00
56.00
9.00
76.00
20.00
1.00
3.00
197.00
8.00
64.00
310.00
253.00
29.00
68.00
6.00
38.00
1.00
5.00
6.00
2.00
22.00
6.00
14.00
1.00
1.00
74.00
50.00
4.00
22.00
18.00
7.00
1.00
27.00
64.00
12.00
90.00
188.00
260.00
2.00
224.00
8.00
3.00
1.00
30.00
84.00
22.00
1.00
5.00
1.00
1.00
20.00
64.00
5.00
14.00
43.00
75.00
1.00
78.00
90.00
122.00
15.00
17.00
9.00
149.00
202.00
1.00
229.00
57.00
123.00
79.00
11.00
1.00
10.00
2.00
6.00
5.00
61.00
4.00
1.00
122.00
21.00
4.00
1.00
51.00
42.00
163.00
6.00
150.00
16.00
226.00
25.00
2.00
51.00
3.00
58.00
12.00
2.00
5.00
13.00
28.00
15.00
22.00
27.00
25.00
82.00
63.00
7.00
15.00
4.00
47.00
1.00
9.00
10.00
6.00
15.00
1.00
6.00
1.00
14.00
6.00
5.00
1.00
7.00
2.00
39.00
4.00
23.00
31.00
126.00
586.00
6.00
49.00
1.00
3.00
4.00
1.00
59.00
69.00
10.00
3.00
5.00
181.00
82.00
2.00
2.00
1.00
68.00
8.00
147.00
44.00
56.00
29.00
73.00
299.00
3.00
1.00
115.00
3.00
1.00
22.00
16.00
6.00
26.00
13.00
23.00
7.00
12.00
1.00
9.00
21.00
2.00
63.00
48.00
29.00
4.00
26.00
56.00
19.00
7.00
23.00
30.00
6.00
32.00
1.00
111.00
677.00
31.00
93.00
1.00
10.00
35.00
5.00
73.00
7.00
17.00
3.00
1.00
1.00
10.00
31.00
2.00
1.00
2.00
33.00
30.00
9.00
17.00
11.00
52.00
63.00
3.00
1.00
115.00
143.00
130.00
2.00
100.00
103.00
22.00
62.00
32.00
58.00
32.00
31.00
13.00
54.00
2.00
4.00
40.00
56.00
71.00
26.00
4.00
53.00
1.00
58.00
37.00
6.00
21.00
1.00
7.00
30.00
40.00
3.00
142.00
15.00
325.00
19.00
76.00
2.00
72.00
20.00
9.00
11.00
2.00
37.00
1.00
63.00
11.00
94.00
11.00
6.00
122.00
39.00
50.00
27.00
53.00
50.00
2.00
70.00
130.00
1.00
25.00
62.00
516.00
21.00
90.00
1.00
2.00
43.00
30.00
13.00
47.00
23.00
5.00
4.00
105.00
5.00
174.00
17.00
7.00
14.00
408.00
231.00
108.00
12.00
1.00
11.00
29.00
25.00
3.00
34.00
23.00
7.00
20.00
5.00
30.00
14.00
9.00
2.00
145.00
27.00
53.00
4.00
2.00
1.00
30.00
11.00
28.00
9.00
95.00
146.00
430.00
132.00
163.00
40.00
1.00
2.00
5.00
9.00
33.00
4.00
28.00
7.00
255.00
23.00
81.00
28.00
4.00
5.00
195.00
124.00
197.00
42.00
1.00
11.00
41.00
6.00
1.00
17.00
29.00
92.00
1.00
34.00
46.00
87.00
46.00
91.00
61.00
23.00
2.00
25.00
37.00
8.00
23.00
3.00
12.00
33.00
457.00
3.00
167.00
55.00
14.00
2.00
23.00
52.00
19.00
22.00
16.00
18.00
26.00
2.00
1.00
5.00
3.00
2.00
31.00
2.00
58.00
147.00
45.00
30.00
1.00
1.00
34.00
1.00
1.00
408.00
230.00
25.00
11.00
10.00
8.00
93.00
16.00
59.00
2.00
80.00
46.00
12.00
42.00
1.00
7.00
19.00
8.00
1.00
16.00
22.00
15.00
49.00
17.00
3.00
1.00
87.00
385.00
1.00
148.00
18.00
21.00
4.00
1.00
26.00
49.00
64.00
3.00
1.00
51.00
93.00
2.00
1.00
73.00
31.00
115.00
306.00
4.00
96.00
195.00
95.00
155.00
50.00
56.00
22.00
108.00
2.00
11.00
1.00
20.00
5.00
29.00
73.00
47.00
7.00
3.00
5.00
3.00
50.00
8.00
5.00
44.00
4.00
36.00
2.00
55.00
2.00
4.00
6.00
358.00
285.00
36.00
18.00
22.00
27.00
1.00
63.00
42.00
31.00
4.00
12.00
1.00
34.00
1.00
86.00
2.00
185.00
30.00
73.00
32.00
643.00
13.00
166.00
7.00
6.00
11.00
12.00
29.00
13.00
48.00
1.00
18.00
47.00
2.00
27.00
1.00
1.00
63.00
13.00
28.00
1.00
312.00
329.00
51.00
3.00
56.00
36.00
48.00
63.00
12.00
80.00
8.00
2.00
48.00
5.00
17.00
16.00
9.00
4.00
21.00
33.00
86.00
2.00
46.00
118.00
7.00
83.00
65.00
15.00
2.00
476.00
101.00
59.00
105.00
2.00
36.00
60.00
1.00
43.00
39.00
2.00
45.00
11.00
8.00
62.00
1.00
16.00
4.00
9.00
20.00
6.00
90.00
7.00
23.00
621.00
26.00
5.00
8.00
8.00
4.00
34.00
10.00
11.00
73.00
3.00
23.00
5.00
32.00
6.00
14.00
2.00
197.00
46.00
15.00
48.00
32.00
5.00
5.00
714.00
41.00
66.00
9.00
3.00
73.00
9.00
3.00
27.00
40.00
1.00
35.00
1.00
26.00
19.00
1.00
12.00
3.00
1.00
32.00
41.00
1.00
34.00
2.00
20.00
38.00
57.00
2.00
148.00
427.00
43.00
20.00
1.00
10.00
41.00
30.00
77.00
64.00
53.00
41.00
2.00
3.00
58.00
26.00
1.00
4.00
9.00
3.00
79.00
2.00
11.00
110.00
11.00
3.00
146.00
658.00
28.00
10.00
42.00
12.00
8.00
3.00
28.00
15.00
10.00
13.00
4.00
11.00
3.00
79.00
34.00
7.00
80.00
5.00
91.00
29.00
7.00
54.00
551.00
4.00
1.00
128.00
27.00
1.00
29.00
19.00
70.00
26.00
1.00
2.00
19.00
21.00
