6.00
8.00
28.00
39.00
5.00
4.00
9.00
6.00
1.00
33.00
10.00
53.00
37.00
917.00
28.00
9.00
31.00
48.00
29.00
25.00
30.00
48.00
3.00
153.00
63.00
1.00
105.00
55.00
4.00
623.00
220.00
14.00
3.00
13.00
4.00
165.00
131.00
28.00
1.00
1.00
45.00
16.00
9.00
2.00
79.00
563.00
99.00
65.00
27.00
1.00
4.00
5.00
93.00
11.00
61.00
45.00
10.00
47.00
2.00
6.00
19.00
35.00
102.00
1.00
82.00
51.00
4.00
427.00
178.00
26.00
78.00
37.00
21.00
1.00
15.00
36.00
8.00
2.00
10.00
73.00
27.00
4.00
1.00
31.00
37.00
29.00
52.00
16.00
4.00
5.00
22.00
51.00
64.00
6.00
27.00
649.00
51.00
6.00
30.00
11.00
3.00
2.00
28.00
57.00
58.00
2.00
24.00
52.00
28.00
32.00
26.00
42.00
48.00
993.00
23.00
5.00
31.00
19.00
15.00
3.00
81.00
61.00
9.00
94.00
122.00
806.00
104.00
125.00
52.00
35.00
1.00
1.00
56.00
38.00
2.00
118.00
28.00
3.00
3.00
87.00
2.00
9.00
581.00
144.00
36.00
32.00
70.00
8.00
5.00
4.00
20.00
13.00
12.00
6.00
2.00
4.00
82.00
9.00
20.00
12.00
1.00
40.00
38.00
25.00
2.00
2.00
21.00
4.00
52.00
1.00
91.00
1.00
1.00
631.00
129.00
110.00
98.00
6.00
10.00
6.00
10.00
69.00
28.00
43.00
40.00
3.00
3.00
95.00
889.00
37.00
44.00
1.00
2.00
106.00
53.00
53.00
39.00
15.00
1.00
65.00
23.00
3.00
1.00
77.00
37.00
25.00
45.00
2.00
663.00
119.00
1.00
128.00
4.00
35.00
131.00
6.00
17.00
69.00
2.00
13.00
868.00
233.00
12.00
54.00
11.00
150.00
20.00
27.00
45.00
20.00
5.00
65.00
3.00
6.00
45.00
128.00
682.00
18.00
4.00
9.00
11.00
45.00
29.00
23.00
63.00
1.00
9.00
10.00
101.00
22.00
19.00
5.00
48.00
38.00
1.00
743.00
63.00
98.00
23.00
31.00
17.00
119.00
9.00
81.00
12.00
7.00
4.00
6.00
17.00
11.00
37.00
46.00
79.00
52.00
39.00
632.00
26.00
153.00
88.00
40.00
48.00
5.00
4.00
20.00
12.00
36.00
5.00
102.00
1.00
15.00
866.00
124.00
69.00
42.00
4.00
11.00
81.00
7.00
15.00
17.00
5.00
19.00
8.00
33.00
10.00
22.00
8.00
1.00
32.00
5.00
1.00
28.00
27.00
945.00
5.00
5.00
6.00
3.00
88.00
38.00
42.00
38.00
14.00
1.00
38.00
22.00
11.00
4.00
27.00
7.00
1.00
36.00
2.00
9.00
1.00
71.00
4.00
42.00
673.00
159.00
24.00
44.00
19.00
25.00
34.00
25.00
10.00
34.00
126.00
1.00
1.00
21.00
76.00
603.00
1.00
27.00
27.00
100.00
61.00
33.00
19.00
40.00
17.00
57.00
3.00
3.00
15.00
1.00
11.00
43.00
47.00
215.00
25.00
609.00
1.00
52.00
138.00
143.00
23.00
1.00
17.00
6.00
16.00
20.00
18.00
59.00
5.00
2.00
2.00
97.00
80.00
3.00
813.00
64.00
29.00
36.00
2.00
8.00
6.00
1.00
9.00
34.00
11.00
3.00
156.00
220.00
13.00
53.00
3.00
602.00
199.00
69.00
4.00
35.00
1.00
2.00
1.00
15.00
2.00
8.00
5.00
11.00
9.00
30.00
3.00
5.00
96.00
122.00
96.00
603.00
47.00
239.00
6.00
28.00
40.00
25.00
1.00
2.00
103.00
6.00
5.00
53.00
1.00
68.00
12.00
118.00
7.00
91.00
1.00
4.00
570.00
108.00
116.00
45.00
25.00
5.00
14.00
36.00
45.00
40.00
8.00
2.00
37.00
29.00
37.00
5.00
2.00
821.00
172.00
39.00
24.00
28.00
11.00
7.00
30.00
69.00
237.00
19.00
9.00
30.00
113.00
545.00
76.00
68.00
42.00
45.00
2.00
14.00
5.00
30.00
62.00
198.00
36.00
35.00
53.00
5.00
2.00
11.00
82.00
659.00
39.00
7.00
1.00
71.00
1.00
101.00
28.00
2.00
31.00
3.00
14.00
1.00
46.00
21.00
12.00
1.00
2.00
76.00
1.00
79.00
1.00
16.00
96.00
1.00
850.00
12.00
4.00
47.00
12.00
9.00
38.00
23.00
5.00
37.00
26.00
13.00
15.00
35.00
15.00
43.00
10.00
16.00
29.00
1.00
62.00
32.00
84.00
13.00
542.00
81.00
54.00
30.00
11.00
1.00
131.00
33.00
32.00
14.00
15.00
3.00
15.00
29.00
21.00
80.00
9.00
30.00
1.00
72.00
7.00
68.00
686.00
25.00
48.00
1.00
39.00
17.00
7.00
5.00
2.00
64.00
38.00
6.00
