48.00
51.00
2.00
6.00
1.00
13.00
8.00
38.00
60.00
3.00
12.00
26.00
35.00
14.00
687.00
4.00
34.00
1.00
1.00
128.00
15.00
8.00
21.00
63.00
6.00
63.00
77.00
1.00
74.00
42.00
46.00
110.00
12.00
13.00
29.00
814.00
9.00
25.00
14.00
5.00
13.00
1.00
5.00
7.00
60.00
109.00
1.00
17.00
4.00
16.00
34.00
41.00
159.00
7.00
551.00
103.00
29.00
35.00
69.00
59.00
2.00
1.00
4.00
13.00
15.00
5.00
12.00
22.00
2.00
15.00
5.00
7.00
1.00
40.00
1.00
1.00
10.00
5.00
784.00
5.00
73.00
72.00
7.00
53.00
125.00
30.00
44.00
68.00
9.00
3.00
94.00
38.00
10.00
28.00
77.00
6.00
3.00
73.00
448.00
123.00
5.00
53.00
34.00
19.00
23.00
20.00
1.00
27.00
6.00
27.00
49.00
5.00
1.00
20.00
8.00
10.00
9.00
1.00
32.00
22.00
2.00
101.00
4.00
43.00
15.00
766.00
9.00
138.00
19.00
1.00
2.00
10.00
13.00
11.00
5.00
4.00
29.00
29.00
1.00
5.00
17.00
3.00
24.00
1.00
15.00
12.00
5.00
36.00
1.00
208.00
515.00
2.00
2.00
66.00
9.00
1.00
76.00
4.00
3.00
10.00
19.00
35.00
18.00
47.00
1.00
2.00
23.00
4.00
53.00
1.00
55.00
10.00
20.00
21.00
3.00
2.00
16.00
34.00
2.00
76.00
79.00
657.00
42.00
65.00
26.00
20.00
77.00
39.00
9.00
22.00
17.00
23.00
1.00
28.00
19.00
50.00
1.00
1.00
123.00
60.00
54.00
505.00
209.00
34.00
16.00
1.00
63.00
2.00
3.00
22.00
1.00
80.00
7.00
1.00
70.00
64.00
17.00
7.00
1.00
6.00
1.00
12.00
55.00
25.00
623.00
105.00
9.00
43.00
31.00
8.00
1.00
7.00
50.00
44.00
1.00
18.00
37.00
32.00
3.00
23.00
42.00
2.00
4.00
2.00
31.00
5.00
1.00
1.00
9.00
3.00
3.00
62.00
23.00
1.00
579.00
1.00
87.00
207.00
42.00
3.00
46.00
5.00
28.00
3.00
5.00
142.00
2.00
6.00
69.00
8.00
21.00
51.00
6.00
44.00
10.00
18.00
592.00
1.00
69.00
1.00
2.00
52.00
206.00
5.00
47.00
28.00
1.00
2.00
1.00
61.00
26.00
24.00
2.00
26.00
35.00
22.00
12.00
27.00
659.00
41.00
29.00
123.00
17.00
28.00
2.00
8.00
4.00
33.00
3.00
50.00
53.00
6.00
16.00
63.00
1.00
43.00
29.00
2.00
34.00
34.00
673.00
1.00
12.00
78.00
1.00
18.00
1.00
55.00
1.00
1.00
20.00
52.00
40.00
13.00
15.00
25.00
1.00
27.00
1.00
8.00
1.00
1.00
20.00
15.00
50.00
18.00
2.00
1.00
1.00
34.00
1.00
56.00
57.00
521.00
136.00
36.00
98.00
47.00
1.00
146.00
72.00
270.00
38.00
660.00
26.00
61.00
50.00
9.00
20.00
38.00
64.00
48.00
7.00
3.00
11.00
47.00
2.00
45.00
37.00
37.00
16.00
4.00
649.00
6.00
41.00
59.00
125.00
33.00
16.00
94.00
25.00
3.00
158.00
13.00
9.00
30.00
73.00
29.00
164.00
660.00
10.00
1.00
77.00
1.00
17.00
1.00
1.00
18.00
48.00
1.00
3.00
6.00
40.00
1.00
1.00
7.00
14.00
29.00
134.00
797.00
97.00
34.00
3.00
16.00
19.00
13.00
5.00
23.00
29.00
84.00
1.00
111.00
3.00
43.00
27.00
46.00
57.00
5.00
9.00
2.00
61.00
478.00
41.00
28.00
28.00
95.00
33.00
57.00
83.00
3.00
43.00
2.00
8.00
1.00
1.00
44.00
2.00
2.00
14.00
14.00
4.00
88.00
10.00
24.00
52.00
613.00
33.00
99.00
1.00
11.00
15.00
5.00
38.00
8.00
15.00
2.00
197.00
38.00
82.00
1.00
22.00
15.00
103.00
1.00
87.00
469.00
117.00
105.00
6.00
74.00
38.00
2.00
44.00
3.00
14.00
1.00
2.00
33.00
39.00
1.00
31.00
2.00
2.00
19.00
36.00
39.00
6.00
10.00
125.00
512.00
43.00
121.00
120.00
35.00
1.00
2.00
88.00
1.00
3.00
9.00
76.00
11.00
100.00
14.00
3.00
740.00
49.00
35.00
9.00
23.00
20.00
12.00
2.00
4.00
1.00
39.00
5.00
32.00
5.00
57.00
15.00
14.00
12.00
4.00
27.00
2.00
30.00
1.00
9.00
89.00
26.00
8.00
54.00
694.00
19.00
1.00
51.00
32.00
29.00
3.00
9.00
1.00
8.00
21.00
22.00
41.00
