1
0
0
0
0
0
0
0
6
11
11
0
19
0
0
0
0
0
0
0
0
1
6
2
18
11
0
1
4
0
3
0
12
2
6
42
17
5
5
0
0
1
3
0
14
12
3
0
26
13
0
0
4
0
0
0
12
9
9
3
33
7
0
0
0
0
0
12
0
11
2
38
4
44
2
0
3
0
0
0
6
6
33
0
3
22
0
0
0
0
0
0
0
3
12
8
9
2
0
0
0
0
0
0
16
0
6
3
0
16
0
0
0
0
0
0
14
16
11
11
4
26
0
0
0
0
0
6
9
0
18
1
0
0
2
7
0
0
0
0
14
14
0
0
1
0
25
0
0
0
1
0
23
0
27
43
0
0
10
0
0
0
4
0
6
8
0
0
17
29
1
0
0
0
0
0
6
0
14
0
0
0
0
0
0
0
0
0
6
1
2
20
30
5
5
0
0
0
0
0
13
10
3
0
0
0
0
0
0
0
0
0
0
6
28
6
18
21
0
0
0
0
0
0
0
0
26
0
0
8
0
0
0
0
0
9
25
0
0
0
21
13
0
0
0
0
0
0
28
10
20
0
2
0
0
0
0
0
0
5
4
23
8
34
25
10
3
0
0
0
0
4
8
3
0
0
12
13
3
0
0
0
0
0
17
13
8
11
6
0
0
0
0
0
0
0
34
20
37
43
121
121
121
121
121
121
121
121
121
121
121
121
121
121
121
121
121
121
121
121
121
121
121
121
121
121
121
121
121
121
121
121
121
121
121
121
121
121
121
121
121
121
121
121
121
121
121
121
121
121
121
121
121
121
121
121
121
121
121
121
