124.00
1062.00
28.00
28.00
59.00
39.00
54.00
140.00
1133.00
81.00
70.00
109.00
41.00
24.00
13.00
1045.00
5.00
16.00
459.00
1207.00
2.00
1070.00
193.00
1.00
3.00
1.00
176.00
82.00
7.00
1126.00
8.00
345.00
22.00
177.00
4.00
5.00
210.00
580.00
157.00
97.00
182.00
72.00
165.00
869.00
181.00
14.00
41.00
40.00
24.00
64.00
26.00
89.00
41.00
866.00
62.00
43.00
225.00
225.00
856.00
117.00
29.00
5.00
7.00
46.00
8.00
225.00
77.00
171.00
735.00
116.00
5.00
24.00
23.00
182.00
967.00
209.00
2.00
38.00
62.00
49.00
18.00
5.00
282.00
769.00
55.00
109.00
94.00
54.00
1.00
129.00
17.00
171.00
892.00
21.00
129.00
12.00
38.00
432.00
35.00
907.00
1.00
1.00
111.00
156.00
6.00
1039.00
31.00
24.00
7.00
8.00
2.00
272.00
906.00
64.00
72.00
106.00
1.00
115.00
103.00
131.00
7.00
114.00
127.00
620.00
37.00
136.00
63.00
8.00
18.00
4.00
18.00
56.00
283.00
10.00
1.00
739.00
252.00
143.00
6.00
19.00
1237.00
11.00
38.00
1.00
47.00
126.00
2.00
2.00
2.00
238.00
1095.00
2.00
1.00
2.00
79.00
8.00
170.00
123.00
783.00
1.00
18.00
123.00
48.00
15.00
80.00
56.00
1057.00
129.00
31.00
15.00
145.00
464.00
5.00
419.00
2.00
360.00
5.00
29.00
76.00
113.00
18.00
10.00
1.00
4.00
12.00
381.00
402.00
202.00
260.00
46.00
28.00
16.00
1305.00
3.00
118.00
15.00
36.00
96.00
102.00
68.00
853.00
39.00
90.00
221.00
1161.00
1625.00
62.00
1128.00
134.00
