7
20
18
13
12
0
5
0
0
40
31
15
21
14
0
8
4
0
6
0
4
6
9
6
13
3
6
0
0
0
0
0
3
4
9
10
27
9
0
3
0
0
0
0
4
1
36
23
33
20
8
2
3
0
0
3
0
16
42
36
19
10
10
2
1
0
2
0
27
7
59
24
33
1
2
15
1
0
3
0
5
7
16
38
14
22
6
17
0
2
0
13
17
10
5
45
51
35
2
2
0
0
0
0
34
4
12
2
24
29
4
10
8
0
3
6
35
23
9
33
48
22
9
0
0
0
0
0
5
51
25
42
19
39
2
0
1
4
3
8
9
42
15
9
8
42
17
5
0
0
2
5
18
11
27
11
24
10
1
8
7
0
0
0
7
13
31
7
32
6
3
0
0
1
0
1
27
41
22
0
30
52
11
0
5
0
0
1
2
0
31
23
0
7
11
1
1
10
0
11
28
6
1
27
8
35
21
0
0
0
2
1
29
14
65
48
1
6
36
0
0
1
0
4
19
32
14
20
57
44
29
0
0
0
8
20
8
26
22
4
2
0
0
5
4
3
1
2
10
8
16
44
52
33
34
0
0
7
0
0
35
7
20
16
4
11
4
0
0
0
0
0
4
16
22
24
28
44
0
0
3
0
1
8
6
18
32
28
7
7
22
11
0
0
0
1
20
2
10
10
35
53
13
1
0
0
0
0
11
16
57
9
7
7
7
0
0
0
0
0
9
27
50
30
80
26
17
0
4
0
0
4
25
13
2
12
39
40
13
2
0
0
0
0
0
32
16
35
21
4
11
5
0
0
0
5
15
38
29
40
