28
30
25
20
32
25
1
0
15
29
33
25
3
42
23
35
19
0
0
11
5
2
38
9
52
47
11
10
21
11
5
0
33
31
8
32
15
50
46
30
15
11
0
6
5
26
27
33
39
3
36
27
8
1
0
0
8
56
41
43
21
7
12
29
32
0
0
1
56
24
3
30
46
46
40
49
8
14
1
0
37
39
37
9
48
23
33
11
21
16
2
1
8
26
49
33
41
24
21
33
15
1
0
5
46
29
27
24
41
49
15
22
1
0
0
0
26
44
23
12
1
30
21
8
51
10
4
0
18
27
50
7
26
38
7
11
12
16
0
3
3
44
19
8
44
64
27
39
9
23
0
18
36
2
28
34
55
59
30
21
71
10
4
38
80
58
32
45
61
49
33
26
6
11
3
19
2
0
10
25
44
37
50
36
10
11
2
4
37
6
20
40
58
44
26
34
23
8
0
0
42
34
61
44
55
47
18
49
34
1
2
10
31
45
7
48
44
21
17
9
4
11
0
5
30
3
34
39
57
41
26
58
25
1
1
1
33
22
27
17
49
36
56
43
31
14
9
27
37
12
22
68
68
51
47
26
1
1
0
33
21
45
8
44
39
5
18
14
24
0
1
22
7
53
40
41
45
55
13
24
24
11
3
2
53
72
35
37
48
35
42
32
17
5
11
0
22
19
20
18
59
52
30
48
41
23
35
1
23
85
43
35
28
49
50
83
73
64
37
2
27
54
17
33
24
41
38
30
51
25
0
9
60
55
65
41
49
101
45
39
64
8
0
0
29
19
49
36
7
75
50
47
33
46
13
1
18
45
67
20
