14
14
7
0
4
0
0
0
0
6
29
33
40
15
13
8
10
0
1
19
20
70
21
18
8
16
2
13
8
0
0
5
1
49
39
38
5
4
0
18
7
0
0
0
19
24
34
19
54
1
16
6
4
13
0
0
5
29
24
18
21
21
21
10
15
0
0
1
3
24
10
37
12
23
24
18
1
0
0
2
15
13
16
18
50
27
26
7
11
0
0
0
3
30
47
16
15
13
45
6
3
0
20
0
11
36
32
40
13
16
10
23
1
0
0
0
17
16
43
20
25
17
5
24
0
1
0
0
27
13
43
33
23
16
11
9
7
0
3
0
36
27
55
67
49
11
19
9
0
0
16
18
23
31
3
24
14
15
6
13
13
0
0
0
22
26
22
20
23
29
3
5
0
10
3
12
2
25
29
16
11
0
25
19
0
0
0
0
24
27
18
30
54
8
24
13
3
2
0
0
14
13
29
31
26
8
38
4
1
4
0
3
13
25
15
21
25
25
35
11
3
1
16
0
0
20
44
12
18
28
19
20
3
0
0
5
16
7
24
21
40
27
19
9
2
2
0
0
0
28
33
38
24
21
30
5
10
0
10
5
7
13
26
29
7
17
22
14
0
0
14
11
18
8
30
21
64
3
1
37
2
0
22
8
33
10
23
45
14
12
9
10
0
9
4
0
6
2
25
39
24
20
16
9
15
18
2
0
9
39
7
10
29
4
17
0
0
2
6
2
0
20
4
7
10
2
5
8
14
0
15
1
19
19
9
33
35
17
13
4
25
21
1
0
7
14
15
14
13
14
10
21
29
0
16
0
16
48
47
52
