1.00
6.00
11.00
8.00
2.00
1.00
7.00
12.00
1.00
3.00
3.00
2.00
6.00
3.00
9.00
2.00
9.00
5.00
2.00
1.00
12.00
2.00
5.00
1.00
3.00
1.00
9.00
4.00
1.00
13.00
11.00
2.00
14.00
1.00
5.00
5.00
4.00
1.00
13.00
12.00
3.00
3.00
23.00
13.00
4.00
2.00
10.00
7.00
2.00
9.00
3.00
6.00
1.00
2.00
5.00
8.00
11.00
5.00
2.00
12.00
8.00
3.00
13.00
5.00
11.00
7.00
4.00
4.00
10.00
8.00
9.00
19.00
3.00
2.00
4.00
5.00
1.00
12.00
21.00
3.00
8.00
14.00
3.00
12.00
6.00
2.00
1.00
6.00
2.00
2.00
6.00
10.00
6.00
3.00
16.00
12.00
2.00
10.00
6.00
3.00
5.00
2.00
1.00
11.00
3.00
1.00
11.00
14.00
1.00
6.00
9.00
3.00
5.00
10.00
1.00
2.00
4.00
3.00
1.00
2.00
7.00
11.00
7.00
1.00
3.00
11.00
1.00
5.00
5.00
1.00
17.00
3.00
3.00
10.00
9.00
8.00
15.00
1.00
14.00
13.00
10.00
3.00
1.00
6.00
4.00
4.00
3.00
11.00
3.00
7.00
22.00
1.00
6.00
14.00
5.00
2.00
2.00
2.00
10.00
5.00
6.00
1.00
12.00
6.00
10.00
2.00
1.00
3.00
2.00
1.00
12.00
10.00
3.00
2.00
4.00
3.00
8.00
12.00
5.00
1.00
1.00
4.00
18.00
12.00
9.00
18.00
8.00
1.00
2.00
5.00
9.00
12.00
12.00
1.00
14.00
7.00
3.00
8.00
1.00
1.00
14.00
14.00
10.00
5.00
14.00
1.00
2.00
5.00
1.00
3.00
9.00
14.00
4.00
4.00
5.00
1.00
9.00
21.00
8.00
15.00
10.00
2.00
1.00
4.00
8.00
3.00
5.00
16.00
4.00
3.00
17.00
11.00
1.00
1.00
5.00
1.00
2.00
11.00
3.00
3.00
12.00
39.00
1.00
2.00
5.00
14.00
1.00
5.00
12.00
3.00
