4.00
12.00
3.00
13.00
6.00
1.00
1.00
1.00
4.00
6.00
1.00
1.00
7.00
2.00
7.00
13.00
2.00
3.00
6.00
4.00
2.00
2.00
2.00
11.00
6.00
14.00
12.00
15.00
4.00
1.00
2.00
1.00
11.00
7.00
15.00
10.00
9.00
10.00
1.00
4.00
9.00
25.00
3.00
1.00
2.00
1.00
2.00
4.00
2.00
2.00
5.00
1.00
8.00
10.00
5.00
12.00
3.00
1.00
1.00
1.00
1.00
2.00
1.00
1.00
3.00
2.00
1.00
1.00
7.00
7.00
12.00
3.00
7.00
2.00
7.00
7.00
2.00
11.00
1.00
19.00
1.00
28.00
1.00
3.00
10.00
2.00
11.00
7.00
11.00
12.00
2.00
3.00
23.00
1.00
1.00
1.00
1.00
19.00
3.00
1.00
26.00
3.00
2.00
1.00
1.00
5.00
1.00
1.00
12.00
4.00
2.00
7.00
21.00
10.00
9.00
13.00
2.00
10.00
1.00
10.00
2.00
3.00
3.00
3.00
16.00
7.00
11.00
15.00
13.00
6.00
4.00
6.00
1.00
11.00
9.00
6.00
8.00
9.00
15.00
11.00
4.00
11.00
2.00
2.00
7.00
13.00
8.00
2.00
5.00
12.00
10.00
6.00
2.00
12.00
5.00
20.00
1.00
7.00
35.00
1.00
1.00
27.00
1.00
1.00
10.00
2.00
17.00
3.00
3.00
1.00
4.00
3.00
3.00
1.00
28.00
8.00
5.00
17.00
7.00
4.00
1.00
2.00
6.00
11.00
8.00
8.00
4.00
22.00
2.00
16.00
6.00
3.00
4.00
1.00
7.00
1.00
7.00
1.00
1.00
7.00
2.00
3.00
1.00
1.00
17.00
1.00
1.00
9.00
4.00
2.00
3.00
22.00
2.00
3.00
11.00
17.00
6.00
16.00
10.00
2.00
1.00
6.00
16.00
8.00
13.00
1.00
3.00
2.00
3.00
2.00
3.00
39.00
1.00
16.00
8.00
6.00
1.00
5.00
17.00
2.00
7.00
2.00
16.00
4.00
1.00
8.00
2.00
14.00
1.00
12.00
8.00
2.00
3.00
15.00
9.00
3.00
2.00
8.00
3.00
20.00
17.00
6.00
16.00
4.00
11.00
5.00
1.00
30.00
32.00
24.00
13.00
7.00
6.00
1.00
3.00
12.00
2.00
5.00
1.00
4.00
2.00
1.00
1.00
1.00
9.00
3.00
1.00
3.00
3.00
13.00
1.00
23.00
9.00
2.00
3.00
13.00
1.00
24.00
20.00
2.00
2.00
17.00
7.00
3.00
7.00
1.00
2.00
4.00
1.00
5.00
1.00
7.00
9.00
20.00
35.00
6.00
9.00
28.00
1.00
2.00
4.00
2.00
2.00
3.00
1.00
1.00
1.00
7.00
1.00
1.00
3.00
1.00
12.00
1.00
1.00
1.00
4.00
1.00
14.00
15.00
2.00
4.00
10.00
17.00
9.00
1.00
1.00
9.00
15.00
10.00
6.00
1.00
4.00
12.00
4.00
2.00
6.00
3.00
3.00
2.00
20.00
5.00
1.00
1.00
2.00
13.00
4.00
7.00
2.00
7.00
2.00
1.00
1.00
3.00
3.00
26.00
1.00
2.00
5.00
8.00
12.00
5.00
5.00
4.00
16.00
12.00
6.00
12.00
16.00
5.00
3.00
4.00
5.00
1.00
5.00
19.00
14.00
19.00
7.00
2.00
1.00
2.00
1.00
13.00
14.00
3.00
8.00
7.00
3.00
1.00
4.00
4.00
1.00
4.00
5.00
1.00
10.00
3.00
2.00
1.00
2.00
14.00
21.00
4.00
2.00
1.00
2.00
2.00
2.00
1.00
3.00
4.00
15.00
4.00
23.00
2.00
7.00
16.00
5.00
3.00
6.00
21.00
1.00
10.00
2.00
2.00
10.00
15.00
1.00
14.00
8.00
3.00
38.00
15.00
8.00
4.00
16.00
13.00
14.00
1.00
10.00
2.00
8.00
12.00
1.00
1.00
1.00
6.00
1.00
8.00
1.00
1.00
1.00
8.00
5.00
8.00
2.00
15.00
2.00
7.00
2.00
7.00
11.00
12.00
1.00
4.00
3.00
5.00
2.00
2.00
6.00
8.00
1.00
4.00
2.00
2.00
15.00
3.00
9.00
1.00
8.00
1.00
5.00
4.00
1.00
5.00
12.00
1.00
1.00
11.00
18.00
2.00
2.00
6.00
1.00
1.00
14.00
1.00
7.00
1.00
2.00
3.00
2.00
9.00
2.00
4.00
7.00
3.00
18.00
5.00
3.00
24.00
2.00
6.00
3.00
11.00
2.00
3.00
1.00
7.00
2.00
2.00
8.00
5.00
28.00
15.00
6.00
9.00
1.00
3.00
1.00
4.00
20.00
1.00
2.00
8.00
1.00
3.00
9.00
3.00
2.00
26.00
6.00
13.00
22.00
8.00
1.00
8.00
6.00
16.00
1.00
8.00
11.00
7.00
22.00
4.00
12.00
30.00
6.00
8.00
6.00
1.00
1.00
1.00
1.00
8.00
6.00
5.00
17.00
1.00
9.00
2.00
1.00
6.00
2.00
15.00
4.00
1.00
4.00
12.00
1.00
1.00
8.00
1.00
1.00
23.00
2.00
1.00
8.00
19.00
5.00
4.00
7.00
9.00
5.00
18.00
14.00
1.00
1.00
1.00
9.00
1.00
2.00
1.00
11.00
9.00
11.00
1.00
2.00
25.00
25.00
7.00
8.00
31.00
2.00
5.00
3.00
4.00
2.00
19.00
1.00
1.00
7.00
3.00
1.00
5.00
4.00
6.00
3.00
1.00
6.00
2.00
2.00
10.00
3.00
7.00
8.00
4.00
13.00
6.00
2.00
1.00
14.00
4.00
6.00
11.00
15.00
12.00
24.00
2.00
2.00
1.00
3.00
12.00
1.00
3.00
5.00
1.00
4.00
5.00
6.00
2.00
9.00
1.00
1.00
1.00
6.00
1.00
3.00
11.00
6.00
1.00
1.00
1.00
1.00
11.00
5.00
3.00
9.00
6.00
3.00
14.00
6.00
5.00
13.00
6.00
7.00
1.00
11.00
8.00
8.00
1.00
17.00
17.00
1.00
7.00
1.00
3.00
27.00
13.00
1.00
23.00
4.00
14.00
2.00
3.00
16.00
3.00
11.00
1.00
8.00
1.00
2.00
3.00
12.00
2.00
4.00
16.00
7.00
18.00
2.00
1.00
1.00
3.00
4.00
7.00
4.00
4.00
1.00
14.00
2.00
1.00
4.00
6.00
5.00
10.00
8.00
4.00
1.00
1.00
1.00
5.00
1.00
7.00
19.00
4.00
3.00
2.00
2.00
3.00
7.00
11.00
9.00
1.00
10.00
11.00
8.00
3.00
2.00
9.00
15.00
15.00
9.00
6.00
5.00
4.00
3.00
10.00
12.00
10.00
6.00
3.00
16.00
2.00
25.00
49.00
1.00
4.00
1.00
4.00
7.00
2.00
1.00
1.00
1.00
1.00
1.00
10.00
9.00
2.00
2.00
2.00
10.00
3.00
2.00
5.00
1.00
1.00
1.00
7.00
30.00
12.00
20.00
2.00
5.00
10.00
3.00
1.00
1.00
2.00
12.00
1.00
13.00
34.00
13.00
3.00
5.00
5.00
7.00
24.00
2.00
14.00
6.00
12.00
1.00
2.00
1.00
10.00
5.00
9.00
6.00
2.00
1.00
14.00
20.00
4.00
3.00
9.00
2.00
6.00
8.00
7.00
6.00
3.00
5.00
15.00
11.00
21.00
13.00
1.00
19.00
14.00
11.00
2.00
21.00
1.00
1.00
17.00
6.00
4.00
9.00
8.00
1.00
1.00
17.00
3.00
5.00
6.00
3.00
1.00
2.00
1.00
1.00
21.00
4.00
9.00
29.00
3.00
5.00
29.00
21.00
19.00
8.00
2.00
1.00
1.00
3.00
2.00
3.00
1.00
2.00
17.00
1.00
1.00
13.00
3.00
7.00
23.00
6.00
10.00
5.00
1.00
5.00
1.00
10.00
6.00
10.00
1.00
9.00
1.00
1.00
6.00
10.00
14.00
30.00
2.00
14.00
1.00
1.00
23.00
10.00
1.00
11.00
1.00
7.00
2.00
4.00
5.00
40.00
14.00
1.00
3.00
15.00
7.00
1.00
2.00
16.00
20.00
1.00
1.00
3.00
9.00
14.00
4.00
2.00
1.00
15.00
2.00
12.00
1.00
2.00
10.00
5.00
4.00
5.00
19.00
12.00
5.00
8.00
9.00
1.00
1.00
2.00
2.00
8.00
1.00
1.00
14.00
7.00
16.00
4.00
6.00
26.00
23.00
2.00
4.00
9.00
4.00
1.00
1.00
13.00
1.00
19.00
1.00
1.00
1.00
15.00
4.00
7.00
23.00
8.00
1.00
5.00
2.00
11.00
14.00
6.00
5.00
11.00
1.00
13.00
11.00
9.00
3.00
5.00
7.00
12.00
3.00
5.00
17.00
7.00
14.00
15.00
8.00
15.00
1.00
2.00
2.00
8.00
8.00
4.00
5.00
3.00
1.00
1.00
1.00
2.00
7.00
1.00
1.00
7.00
1.00
23.00
1.00
19.00
9.00
13.00
21.00
17.00
4.00
4.00
14.00
23.00
11.00
5.00
3.00
1.00
1.00
