0
2
0
0
0
0
0
0
0
7
7
4
0
9
0
0
0
0
0
0
0
0
8
0
7
10
2
0
0
0
0
0
0
9
0
11
0
1
1
5
0
0
0
0
4
4
15
2
0
0
1
0
0
0
0
0
0
9
24
2
0
0
0
1
0
0
0
0
12
5
0
4
3
3
4
5
0
0
0
0
0
15
19
0
0
0
10
0
0
0
0
0
0
6
4
5
3
7
0
8
0
0
0
0
4
15
14
3
0
1
0
0
0
0
0
0
5
20
3
1
0
3
0
0
0
0
0
0
0
0
19
0
4
0
0
0
0
0
0
0
0
16
0
3
1
14
5
0
0
0
0
0
4
0
4
1
10
7
0
0
0
0
0
0
25
20
0
10
23
9
4
0
0
1
0
0
0
0
0
5
1
0
0
0
0
0
0
0
21
0
7
12
10
8
0
0
0
0
0
0
5
10
24
9
1
5
0
0
1
0
0
0
3
29
0
5
17
0
0
0
0
0
0
0
15
0
14
0
15
10
3
0
0
0
0
0
2
0
0
3
0
0
3
0
0
0
0
0
5
0
0
24
14
5
10
0
0
0
0
0
3
13
0
19
0
0
0
0
0
0
0
0
0
14
0
2
20
9
0
0
0
0
0
0
0
29
0
0
3
9
4
0
0
0
0
0
0
0
0
0
15
16
0
0
0
0
0
0
11
43
0
7
3
10
0
1
5
0
0
0
9
22
0
5
0
3
0
0
0
3
0
0
4
40
14
7
13
41
0
0
1
0
0
0
7
15
15
0
0
18
16
0
0
0
0
0
5
9
0
0
