38
46
17
5
0
0
0
18
27
9
47
29
35
4
32
7
17
4
0
32
20
35
35
55
14
18
47
39
7
2
0
15
45
38
49
27
58
36
30
17
12
0
2
18
27
23
35
34
47
35
38
35
18
4
14
38
26
45
70
44
56
15
8
7
5
9
0
6
16
33
63
47
41
20
19
0
6
8
0
26
23
17
33
25
33
18
16
32
5
1
7
23
40
55
67
73
39
18
33
17
9
0
2
2
29
30
26
37
41
18
26
21
7
4
0
0
10
19
31
8
17
20
17
25
0
0
0
22
21
46
7
55
4
24
5
9
11
0
0
24
46
60
26
42
28
35
33
12
16
9
10
17
30
40
82
42
24
37
53
11
6
0
1
0
32
23
43
19
44
54
31
24
14
1
0
34
32
49
24
56
74
15
25
10
4
0
10
14
31
41
11
25
34
49
45
15
0
0
2
13
34
11
15
24
40
44
34
28
0
15
0
10
18
40
57
67
46
24
27
11
0
9
8
23
38
41
57
30
58
22
9
11
6
0
0
27
37
16
28
52
65
40
9
1
5
19
12
24
29
35
43
68
13
13
13
26
11
2
0
2
40
35
20
56
63
26
25
32
5
1
5
20
21
27
32
34
14
13
27
16
22
0
0
15
15
53
11
58
17
34
19
0
9
0
1
40
8
31
35
44
19
19
34
23
4
0
21
19
28
31
42
9
1
25
50
16
7
0
0
15
29
26
36
49
50
10
16
11
8
17
2
3
20
20
30
62
56
28
41
26
10
1
13
0
16
22
45
51
