10.00
41.00
31.00
51.00
3.00
3.00
27.00
63.00
203.00
14.00
668.00
85.00
149.00
15.00
159.00
24.00
3.00
3.00
4.00
36.00
38.00
45.00
1.00
27.00
81.00
754.00
12.00
73.00
132.00
8.00
76.00
12.00
4.00
3.00
28.00
31.00
1.00
40.00
880.00
3.00
198.00
2.00
22.00
172.00
6.00
7.00
2.00
29.00
21.00
3.00
27.00
10.00
15.00
15.00
1.00
64.00
1.00
137.00
594.00
5.00
97.00
101.00
10.00
1.00
56.00
37.00
7.00
2.00
59.00
137.00
1.00
63.00
2.00
2.00
4.00
80.00
53.00
2.00
652.00
14.00
61.00
21.00
11.00
56.00
34.00
1.00
37.00
2.00
4.00
9.00
66.00
17.00
77.00
113.00
166.00
30.00
571.00
34.00
103.00
187.00
3.00
8.00
26.00
20.00
3.00
19.00
14.00
1.00
27.00
50.00
43.00
6.00
25.00
12.00
1.00
66.00
46.00
17.00
19.00
4.00
654.00
30.00
105.00
15.00
5.00
44.00
41.00
121.00
18.00
16.00
3.00
3.00
105.00
3.00
19.00
85.00
110.00
649.00
1.00
1.00
113.00
11.00
37.00
30.00
28.00
58.00
41.00
36.00
39.00
5.00
2.00
187.00
8.00
78.00
14.00
1.00
73.00
2.00
497.00
68.00
1.00
37.00
92.00
2.00
150.00
24.00
59.00
23.00
20.00
1.00
1.00
46.00
13.00
10.00
2.00
8.00
1.00
1.00
79.00
2.00
119.00
7.00
673.00
44.00
68.00
71.00
332.00
29.00
78.00
1.00
217.00
7.00
1.00
631.00
17.00
81.00
3.00
2.00
7.00
5.00
147.00
70.00
14.00
4.00
30.00
1.00
5.00
2.00
25.00
186.00
743.00
5.00
75.00
214.00
62.00
5.00
14.00
7.00
22.00
13.00
1.00
8.00
103.00
18.00
65.00
28.00
1.00
5.00
581.00
239.00
37.00
25.00
7.00
5.00
6.00
34.00
6.00
37.00
16.00
30.00
4.00
36.00
1.00
7.00
29.00
5.00
20.00
13.00
5.00
46.00
31.00
47.00
615.00
3.00
9.00
33.00
14.00
1.00
1.00
7.00
51.00
19.00
4.00
21.00
35.00
63.00
11.00
16.00
65.00
18.00
2.00
1.00
18.00
3.00
31.00
15.00
14.00
51.00
3.00
3.00
1.00
2.00
1.00
1.00
14.00
123.00
913.00
12.00
70.00
37.00
11.00
27.00
6.00
10.00
29.00
16.00
19.00
4.00
14.00
58.00
31.00
22.00
39.00
5.00
35.00
5.00
36.00
619.00
233.00
32.00
45.00
26.00
22.00
15.00
1.00
41.00
1.00
68.00
9.00
19.00
80.00
30.00
93.00
7.00
1.00
58.00
492.00
126.00
23.00
39.00
4.00
14.00
20.00
32.00
9.00
9.00
2.00
1.00
59.00
39.00
5.00
3.00
1.00
35.00
38.00
7.00
34.00
2.00
22.00
88.00
1.00
36.00
22.00
3.00
17.00
31.00
82.00
573.00
20.00
25.00
175.00
8.00
1.00
64.00
5.00
26.00
32.00
8.00
181.00
30.00
3.00
120.00
583.00
41.00
168.00
25.00
10.00
123.00
2.00
2.00
10.00
2.00
5.00
1.00
37.00
50.00
2.00
57.00
5.00
30.00
103.00
10.00
7.00
646.00
97.00
16.00
86.00
33.00
4.00
7.00
64.00
9.00
84.00
33.00
9.00
49.00
42.00
4.00
49.00
34.00
51.00
14.00
45.00
59.00
1.00
494.00
2.00
31.00
3.00
303.00
2.00
2.00
14.00
10.00
34.00
16.00
3.00
5.00
1.00
14.00
1.00
4.00
18.00
10.00
1.00
16.00
9.00
1.00
9.00
24.00
57.00
1.00
30.00
80.00
28.00
633.00
18.00
6.00
1.00
85.00
133.00
22.00
7.00
11.00
56.00
1.00
12.00
1.00
6.00
17.00
12.00
27.00
153.00
45.00
158.00
597.00
15.00
72.00
34.00
46.00
20.00
7.00
19.00
6.00
8.00
158.00
1.00
8.00
12.00
29.00
9.00
98.00
102.00
77.00
621.00
9.00
13.00
5.00
1.00
81.00
26.00
121.00
68.00
3.00
13.00
3.00
29.00
44.00
47.00
6.00
1.00
39.00
24.00
90.00
5.00
42.00
655.00
2.00
64.00
24.00
1.00
125.00
13.00
56.00
4.00
1.00
1.00
10.00
3.00
39.00
16.00
13.00
6.00
28.00
7.00
4.00
74.00
157.00
23.00
5.00
541.00
74.00
5.00
7.00
1.00
17.00
6.00
39.00
26.00
20.00
79.00
34.00
1.00
5.00
6.00
40.00
1.00
8.00
36.00
29.00
21.00
7.00
1.00
8.00
23.00
60.00
14.00
25.00
36.00
18.00
3.00
21.00
1.00
15.00
12.00
75.00
476.00
65.00
37.00
37.00
127.00
1.00
72.00
26.00
59.00
1.00
25.00
41.00
33.00
17.00
16.00
9.00
28.00
48.00
21.00
27.00
22.00
1.00
72.00
11.00
143.00
473.00
1.00
6.00
29.00
27.00
58.00
6.00
7.00
1.00
16.00
46.00
33.00
18.00
14.00
13.00
6.00
3.00
8.00
2.00
3.00
3.00
1.00
39.00
64.00
107.00
1.00
113.00
472.00
16.00
4.00
30.00
85.00
8.00
46.00
28.00
76.00
31.00
11.00
148.00
5.00
1.00
2.00
18.00
3.00
26.00
1.00
63.00
1.00
56.00
13.00
1.00
21.00
37.00
2.00
9.00
1.00
493.00
99.00
44.00
40.00
2.00
3.00
13.00
65.00
5.00
32.00
