13.00
4.00
33.00
21.00
7.00
48.00
1.00
2.00
27.00
60.00
29.00
11.00
22.00
1.00
55.00
2.00
21.00
28.00
5.00
2.00
59.00
5.00
1.00
31.00
2.00
1.00
6.00
1.00
35.00
86.00
237.00
3.00
46.00
6.00
1.00
2.00
66.00
1.00
16.00
27.00
16.00
14.00
20.00
71.00
41.00
11.00
81.00
16.00
59.00
23.00
2.00
1.00
1.00
35.00
35.00
1.00
3.00
3.00
30.00
25.00
13.00
9.00
41.00
16.00
19.00
5.00
68.00
351.00
122.00
16.00
31.00
81.00
3.00
7.00
10.00
60.00
22.00
51.00
36.00
10.00
22.00
3.00
13.00
18.00
9.00
1.00
1.00
1.00
27.00
30.00
38.00
166.00
1.00
2.00
35.00
42.00
4.00
5.00
41.00
6.00
98.00
101.00
154.00
35.00
23.00
4.00
19.00
17.00
8.00
28.00
64.00
3.00
65.00
12.00
43.00
2.00
8.00
7.00
86.00
7.00
2.00
9.00
1.00
44.00
2.00
2.00
2.00
2.00
5.00
3.00
26.00
20.00
17.00
2.00
8.00
17.00
2.00
19.00
3.00
36.00
4.00
27.00
50.00
1.00
43.00
14.00
61.00
20.00
3.00
7.00
284.00
99.00
3.00
74.00
25.00
58.00
2.00
20.00
8.00
5.00
54.00
3.00
6.00
16.00
1.00
25.00
1.00
29.00
3.00
2.00
18.00
35.00
53.00
35.00
44.00
7.00
2.00
48.00
3.00
43.00
21.00
2.00
51.00
1.00
26.00
16.00
71.00
412.00
12.00
1.00
19.00
35.00
7.00
5.00
15.00
39.00
24.00
8.00
49.00
30.00
31.00
1.00
39.00
23.00
13.00
1.00
6.00
68.00
34.00
61.00
14.00
48.00
51.00
17.00
32.00
27.00
16.00
6.00
4.00
1.00
6.00
408.00
77.00
5.00
9.00
74.00
3.00
5.00
18.00
152.00
3.00
6.00
1.00
20.00
19.00
9.00
4.00
8.00
2.00
2.00
17.00
43.00
2.00
31.00
10.00
4.00
3.00
1.00
1.00
6.00
8.00
6.00
17.00
44.00
1.00
24.00
6.00
10.00
12.00
11.00
34.00
30.00
31.00
68.00
59.00
1.00
1.00
14.00
84.00
173.00
67.00
1.00
6.00
1.00
5.00
9.00
1.00
14.00
12.00
25.00
12.00
7.00
42.00
3.00
12.00
39.00
37.00
98.00
3.00
2.00
5.00
13.00
14.00
2.00
11.00
33.00
52.00
6.00
4.00
68.00
7.00
3.00
42.00
56.00
36.00
21.00
50.00
15.00
2.00
176.00
23.00
143.00
46.00
38.00
19.00
19.00
75.00
22.00
1.00
2.00
7.00
1.00
32.00
1.00
23.00
3.00
1.00
1.00
13.00
2.00
43.00
10.00
7.00
20.00
11.00
22.00
22.00
7.00
1.00
2.00
3.00
2.00
30.00
33.00
34.00
26.00
33.00
10.00
6.00
63.00
1.00
1.00
1.00
10.00
1.00
70.00
141.00
293.00
2.00
25.00
37.00
13.00
1.00
1.00
11.00
15.00
9.00
74.00
1.00
7.00
17.00
3.00
98.00
4.00
19.00
1.00
55.00
21.00
16.00
5.00
39.00
11.00
9.00
7.00
10.00
2.00
22.00
3.00
14.00
18.00
2.00
55.00
34.00
20.00
19.00
126.00
388.00
7.00
5.00
64.00
20.00
10.00
22.00
6.00
47.00
5.00
4.00
61.00
63.00
35.00
84.00
84.00
2.00
18.00
7.00
13.00
1.00
1.00
22.00
30.00
43.00
6.00
19.00
38.00
37.00
5.00
5.00
62.00
1.00
9.00
10.00
34.00
49.00
52.00
79.00
2.00
201.00
16.00
1.00
25.00
1.00
33.00
12.00
44.00
6.00
13.00
1.00
76.00
1.00
1.00
3.00
15.00
87.00
33.00
4.00
10.00
1.00
55.00
11.00
1.00
1.00
26.00
1.00
3.00
17.00
1.00
30.00
17.00
22.00
19.00
17.00
63.00
4.00
43.00
48.00
8.00
19.00
31.00
1.00
102.00
30.00
190.00
12.00
3.00
77.00
1.00
94.00
12.00
1.00
1.00
15.00
7.00
70.00
21.00
30.00
12.00
34.00
99.00
57.00
2.00
13.00
6.00
11.00
8.00
7.00
7.00
6.00
15.00
47.00
10.00
1.00
10.00
1.00
1.00
28.00
1.00
17.00
5.00
22.00
12.00
3.00
59.00
15.00
82.00
2.00
1.00
1.00
43.00
1.00
159.00
1.00
38.00
3.00
5.00
59.00
1.00
1.00
19.00
1.00
2.00
1.00
29.00
75.00
70.00
43.00
13.00
3.00
6.00
1.00
6.00
9.00
11.00
3.00
1.00
8.00
5.00
25.00
4.00
34.00
12.00
1.00
28.00
1.00
3.00
24.00
7.00
1.00
6.00
27.00
1.00
16.00
11.00
1.00
1.00
9.00
1.00
2.00
2.00
19.00
27.00
22.00
19.00
58.00
1.00
33.00
11.00
7.00
1.00
1.00
1.00
9.00
2.00
2.00
1.00
14.00
1.00
1.00
1.00
4.00
75.00
2.00
43.00
92.00
45.00
1.00
1.00
8.00
1.00
2.00
11.00
15.00
12.00
1.00
13.00
1.00
1.00
6.00
2.00
3.00
3.00
1.00
1.00
1.00
6.00
4.00
6.00
1.00
10.00
2.00
1.00
7.00
9.00
10.00
1.00
17.00
20.00
2.00
58.00
10.00
14.00
62.00
9.00
5.00
1.00
16.00
2.00
29.00
8.00
9.00
2.00
50.00
2.00
2.00
2.00
1.00
2.00
10.00
12.00
75.00
17.00
2.00
41.00
9.00
56.00
1.00
12.00
133.00
129.00
13.00
94.00
11.00
1.00
2.00
3.00
1.00
1.00
1.00
14.00
61.00
198.00
39.00
23.00
11.00
13.00
56.00
6.00
35.00
10.00
2.00
21.00
3.00
9.00
25.00
11.00
1.00
15.00
11.00
55.00
7.00
11.00
1.00
19.00
24.00
5.00
1.00
27.00
2.00
2.00
1.00
1.00
15.00
78.00
19.00
37.00
81.00
1.00
13.00
48.00
89.00
116.00
13.00
2.00
29.00
2.00
8.00
2.00
5.00
1.00
18.00
47.00
106.00
2.00
36.00
26.00
2.00
4.00
21.00
40.00
23.00
19.00
5.00
5.00
39.00
9.00
5.00
10.00
3.00
1.00
32.00
9.00
12.00
4.00
11.00
4.00
17.00
38.00
1.00
23.00
33.00
24.00
19.00
2.00
31.00
13.00
2.00
63.00
1.00
10.00
3.00
6.00
5.00
35.00
326.00
1.00
36.00
1.00
15.00
42.00
1.00
4.00
8.00
4.00
35.00
4.00
3.00
7.00
1.00
14.00
2.00
25.00
7.00
3.00
7.00
30.00
14.00
13.00
25.00
2.00
4.00
2.00
16.00
4.00
21.00
9.00
2.00
2.00
4.00
3.00
35.00
15.00
4.00
48.00
21.00
2.00
30.00
1.00
19.00
1.00
7.00
16.00
2.00
60.00
10.00
17.00
3.00
71.00
191.00
4.00
86.00
3.00
1.00
52.00
1.00
1.00
2.00
7.00
7.00
1.00
52.00
2.00
2.00
1.00
3.00
17.00
21.00
10.00
50.00
18.00
45.00
21.00
1.00
12.00
1.00
1.00
5.00
52.00
3.00
25.00
3.00
27.00
1.00
6.00
92.00
19.00
6.00
39.00
4.00
23.00
39.00
46.00
27.00
1.00
70.00
64.00
112.00
2.00
186.00
55.00
24.00
42.00
36.00
1.00
5.00
85.00
65.00
25.00
1.00
2.00
6.00
1.00
47.00
1.00
8.00
28.00
9.00
9.00
1.00
2.00
5.00
2.00
4.00
1.00
1.00
1.00
28.00
2.00
49.00
2.00
51.00
3.00
17.00
8.00
42.00
2.00
50.00
6.00
4.00
1.00
10.00
1.00
24.00
82.00
1.00
129.00
133.00
131.00
17.00
2.00
3.00
2.00
7.00
6.00
1.00
1.00
2.00
26.00
30.00
13.00
9.00
1.00
11.00
4.00
32.00
6.00
37.00
29.00
2.00
34.00
22.00
1.00
7.00
81.00
4.00
6.00
2.00
6.00
1.00
34.00
26.00
9.00
15.00
23.00
21.00
10.00
5.00
1.00
15.00
16.00
4.00
5.00
8.00
1.00
21.00
13.00
31.00
1.00
53.00
4.00
1.00
35.00
3.00
18.00
3.00
2.00
23.00
93.00
3.00
162.00
3.00
1.00
1.00
1.00
12.00
1.00
29.00
33.00
6.00
67.00
4.00
1.00
81.00
54.00
7.00
9.00
4.00
18.00
14.00
3.00
1.00
1.00
10.00
1.00
4.00
1.00
8.00
10.00
1.00
12.00
9.00
1.00
3.00
9.00
21.00
31.00
2.00
14.00
1.00
25.00
67.00
4.00
25.00
13.00
115.00
133.00
204.00
12.00
1.00
1.00
1.00
15.00
29.00
49.00
1.00
1.00
7.00
4.00
1.00
3.00
5.00
15.00
46.00
49.00
31.00
19.00
1.00
23.00
1.00
14.00
4.00
14.00
1.00
1.00
45.00
11.00
5.00
9.00
5.00
13.00
11.00
1.00
34.00
60.00
48.00
6.00
9.00
3.00
8.00
44.00
1.00
52.00
18.00
34.00
25.00
10.00
3.00
42.00
236.00
134.00
5.00
2.00
1.00
1.00
1.00
88.00
21.00
1.00
1.00
8.00
7.00
1.00
1.00
2.00
7.00
20.00
11.00
9.00
28.00
28.00
2.00
2.00
16.00
3.00
16.00
5.00
1.00
6.00
23.00
19.00
1.00
18.00
8.00
14.00
45.00
1.00
7.00
1.00
11.00
1.00
26.00
3.00
68.00
20.00
1.00
27.00
47.00
15.00
6.00
28.00
16.00
21.00
5.00
7.00
42.00
11.00
29.00
192.00
1.00
81.00
66.00
2.00
3.00
13.00
27.00
1.00
37.00
1.00
5.00
2.00
6.00
1.00
4.00
2.00
30.00
21.00
1.00
10.00
14.00
12.00
1.00
24.00
8.00
3.00
2.00
36.00
32.00
1.00
19.00
7.00
1.00
24.00
1.00
8.00
1.00
1.00
25.00
2.00
44.00
5.00
36.00
22.00
28.00
11.00
40.00
2.00
17.00
12.00
26.00
1.00
5.00
71.00
1.00
50.00
67.00
1.00
1.00
2.00
1.00
1.00
283.00
1.00
1.00
9.00
3.00
9.00
27.00
12.00
20.00
60.00
7.00
12.00
7.00
19.00
29.00
31.00
31.00
11.00
57.00
4.00
2.00
9.00
5.00
2.00
23.00
10.00
2.00
10.00
1.00
5.00
23.00
1.00
4.00
2.00
49.00
1.00
8.00
1.00
47.00
2.00
11.00
2.00
8.00
19.00
25.00
9.00
8.00
2.00
14.00
1.00
13.00
12.00
2.00
1.00
1.00
1.00
61.00
3.00
28.00
2.00
1.00
42.00
8.00
25.00
2.00
1.00
1.00
68.00
147.00
6.00
10.00
23.00
9.00
5.00
5.00
1.00
2.00
1.00
17.00
2.00
1.00
27.00
1.00
1.00
2.00
15.00
2.00
42.00
32.00
19.00
11.00
2.00
2.00
4.00
2.00
35.00
7.00
2.00
35.00
28.00
20.00
5.00
8.00
20.00
8.00
2.00
12.00
18.00
10.00
9.00
8.00
13.00
3.00
10.00
7.00
1.00
2.00
5.00
7.00
1.00
1.00
1.00
9.00
4.00
1.00
2.00
2.00
20.00
10.00
2.00
3.00
1.00
2.00
1.00
23.00
1.00
2.00
10.00
3.00
9.00
1.00
1.00
1.00
185.00
1.00
35.00
1.00
33.00
1.00
14.00
10.00
13.00
1.00
3.00
1.00
11.00
32.00
1.00
19.00
1.00
13.00
29.00
1.00
53.00
32.00
3.00
19.00
19.00
15.00
7.00
5.00
19.00
32.00
16.00
5.00
11.00
13.00
38.00
2.00
32.00
2.00
2.00
13.00
7.00
2.00
14.00
9.00
38.00
18.00
9.00
1.00
9.00
13.00
2.00
1.00
38.00
5.00
1.00
22.00
18.00
26.00
46.00
2.00
4.00
182.00
2.00
31.00
1.00
1.00
65.00
6.00
23.00
1.00
1.00
1.00
2.00
1.00
66.00
2.00
1.00
2.00
8.00
9.00
4.00
3.00
23.00
6.00
7.00
1.00
3.00
32.00
1.00
3.00
8.00
3.00
9.00
31.00
1.00
21.00
8.00
1.00
9.00
12.00
1.00
12.00
6.00
8.00
1.00
1.00
1.00
1.00
39.00
6.00
5.00
18.00
7.00
2.00
27.00
3.00
25.00
4.00
1.00
10.00
1.00
2.00
1.00
27.00
11.00
1.00
1.00
8.00
14.00
2.00
5.00
3.00
425.00
16.00
3.00
1.00
2.00
30.00
1.00
9.00
30.00
3.00
17.00
16.00
6.00
22.00
16.00
23.00
2.00
12.00
1.00
28.00
14.00
1.00
28.00
7.00
51.00
68.00
1.00
11.00
3.00
4.00
9.00
6.00
1.00
4.00
1.00
22.00
36.00
6.00
1.00
9.00
40.00
11.00
9.00
27.00
1.00
1.00
97.00
1.00
1.00
3.00
3.00
26.00
6.00
7.00
114.00
160.00
5.00
16.00
27.00
4.00
22.00
15.00
3.00
5.00
16.00
9.00
6.00
5.00
6.00
37.00
1.00
2.00
1.00
2.00
1.00
30.00
