12.00
305.00
10.00
136.00
1.00
700.00
40.00
158.00
5.00
17.00
11.00
1.00
14.00
10.00
74.00
291.00
802.00
41.00
2.00
99.00
6.00
79.00
15.00
24.00
46.00
1.00
6.00
8.00
42.00
61.00
1.00
20.00
2.00
1.00
3.00
5.00
97.00
17.00
94.00
1.00
25.00
684.00
76.00
11.00
83.00
139.00
3.00
116.00
8.00
2.00
18.00
30.00
34.00
5.00
201.00
522.00
135.00
36.00
7.00
96.00
135.00
89.00
2.00
125.00
22.00
164.00
1.00
5.00
13.00
552.00
3.00
54.00
29.00
9.00
34.00
27.00
59.00
115.00
34.00
46.00
3.00
30.00
52.00
7.00
1.00
146.00
122.00
53.00
70.00
704.00
168.00
2.00
204.00
14.00
1.00
79.00
45.00
1.00
30.00
85.00
127.00
505.00
31.00
89.00
2.00
8.00
103.00
206.00
4.00
3.00
28.00
5.00
31.00
47.00
1.00
1.00
172.00
580.00
33.00
50.00
33.00
195.00
10.00
25.00
117.00
53.00
6.00
1.00
10.00
3.00
29.00
74.00
4.00
38.00
1.00
65.00
1.00
1.00
131.00
602.00
2.00
89.00
22.00
79.00
129.00
197.00
85.00
79.00
68.00
609.00
14.00
17.00
13.00
57.00
24.00
9.00
70.00
98.00
67.00
18.00
197.00
168.00
29.00
28.00
12.00
512.00
1.00
1.00
10.00
6.00
1.00
11.00
8.00
317.00
26.00
20.00
8.00
19.00
1.00
13.00
4.00
74.00
46.00
7.00
134.00
50.00
591.00
5.00
92.00
204.00
6.00
45.00
5.00
38.00
119.00
162.00
2.00
101.00
4.00
108.00
151.00
436.00
58.00
110.00
9.00
31.00
29.00
28.00
106.00
38.00
51.00
192.00
7.00
77.00
15.00
71.00
4.00
1.00
1.00
494.00
68.00
46.00
102.00
29.00
1.00
201.00
1.00
3.00
45.00
2.00
53.00
17.00
14.00
8.00
1.00
1.00
86.00
123.00
1.00
697.00
27.00
7.00
48.00
5.00
5.00
1.00
395.00
29.00
84.00
125.00
94.00
1.00
466.00
88.00
68.00
1.00
18.00
77.00
1.00
6.00
4.00
161.00
69.00
21.00
75.00
953.00
73.00
215.00
63.00
5.00
1.00
6.00
14.00
5.00
63.00
5.00
123.00
68.00
30.00
112.00
722.00
37.00
25.00
7.00
11.00
36.00
6.00
38.00
2.00
48.00
2.00
6.00
37.00
11.00
3.00
7.00
30.00
1.00
31.00
15.00
5.00
83.00
24.00
25.00
180.00
399.00
1.00
18.00
17.00
30.00
87.00
18.00
58.00
1.00
98.00
16.00
85.00
23.00
2.00
21.00
36.00
21.00
14.00
57.00
1.00
3.00
1.00
4.00
19.00
124.00
2.00
271.00
262.00
297.00
61.00
100.00
36.00
9.00
11.00
28.00
6.00
91.00
21.00
57.00
4.00
157.00
34.00
617.00
235.00
31.00
1.00
46.00
26.00
34.00
23.00
45.00
76.00
1.00
10.00
28.00
23.00
56.00
2.00
32.00
106.00
37.00
19.00
484.00
123.00
22.00
1.00
45.00
8.00
14.00
37.00
11.00
22.00
1.00
4.00
1.00
97.00
1.00
5.00
3.00
2.00
35.00
40.00
1.00
3.00
58.00
154.00
48.00
1.00
31.00
89.00
33.00
456.00
4.00
52.00
3.00
42.00
295.00
6.00
61.00
351.00
632.00
171.00
51.00
122.00
3.00
3.00
13.00
2.00
6.00
4.00
89.00
5.00
58.00
5.00
141.00
9.00
2.00
1.00
172.00
461.00
1.00
1.00
5.00
78.00
27.00
3.00
32.00
88.00
5.00
64.00
7.00
84.00
142.00
1.00
49.00
33.00
2.00
55.00
2.00
13.00
108.00
11.00
56.00
6.00
1.00
16.00
379.00
6.00
1.00
1.00
26.00
1.00
9.00
299.00
94.00
3.00
2.00
5.00
1.00
19.00
2.00
4.00
22.00
12.00
17.00
25.00
2.00
1.00
9.00
4.00
30.00
57.00
117.00
1.00
553.00
19.00
31.00
1.00
58.00
29.00
1.00
2.00
22.00
56.00
157.00
5.00
9.00
89.00
1.00
445.00
451.00
170.00
12.00
23.00
143.00
17.00
10.00
7.00
8.00
163.00
9.00
62.00
5.00
6.00
210.00
74.00
474.00
9.00
4.00
61.00
57.00
7.00
5.00
12.00
2.00
96.00
24.00
1.00
191.00
22.00
42.00
96.00
7.00
2.00
1.00
46.00
2.00
72.00
54.00
23.00
678.00
62.00
10.00
1.00
147.00
14.00
56.00
6.00
3.00
58.00
17.00
6.00
13.00
7.00
29.00
76.00
13.00
4.00
53.00
25.00
73.00
31.00
1.00
21.00
123.00
93.00
278.00
2.00
2.00
48.00
3.00
3.00
46.00
19.00
11.00
64.00
16.00
79.00
3.00
29.00
1.00
17.00
40.00
10.00
36.00
33.00
4.00
21.00
10.00
9.00
26.00
3.00
109.00
18.00
46.00
24.00
14.00
14.00
24.00
50.00
160.00
308.00
24.00
1.00
9.00
1.00
23.00
32.00
4.00
1.00
17.00
10.00
1.00
123.00
3.00
1.00
2.00
46.00
25.00
100.00
25.00
43.00
33.00
2.00
23.00
63.00
128.00
39.00
1.00
15.00
1.00
2.00
3.00
1.00
140.00
349.00
1.00
3.00
130.00
24.00
48.00
4.00
3.00
69.00
1.00
1.00
1.00
14.00
3.00
88.00
15.00
38.00
6.00
5.00
15.00
1.00
2.00
4.00
9.00
49.00
66.00
71.00
35.00
72.00
21.00
3.00
4.00
4.00
1.00
468.00
5.00
52.00
78.00
9.00
27.00
20.00
23.00
107.00
6.00
8.00
148.00
7.00
1.00
16.00
18.00
90.00
11.00
77.00
7.00
11.00
34.00
1.00
1.00
7.00
109.00
49.00
3.00
1.00
318.00
96.00
6.00
5.00
26.00
11.00
9.00
20.00
19.00
53.00
20.00
131.00
16.00
59.00
1.00
59.00
61.00
2.00
8.00
28.00
7.00
26.00
50.00
155.00
7.00
108.00
473.00
79.00
41.00
16.00
57.00
11.00
7.00
34.00
8.00
113.00
32.00
45.00
3.00
7.00
54.00
10.00
209.00
12.00
496.00
80.00
56.00
3.00
82.00
13.00
20.00
151.00
10.00
16.00
1.00
30.00
1.00
24.00
135.00
7.00
2.00
3.00
41.00
113.00
52.00
29.00
23.00
25.00
569.00
95.00
94.00
36.00
80.00
6.00
12.00
9.00
16.00
9.00
6.00
7.00
3.00
2.00
13.00
12.00
8.00
91.00
125.00
18.00
43.00
44.00
524.00
88.00
54.00
40.00
35.00
17.00
68.00
3.00
75.00
1.00
59.00
19.00
19.00
1.00
4.00
2.00
5.00
1.00
36.00
24.00
25.00
59.00
85.00
6.00
42.00
33.00
1.00
5.00
49.00
71.00
414.00
19.00
48.00
1.00
55.00
1.00
67.00
