29.00
1.00
30.00
323.00
477.00
204.00
23.00
90.00
71.00
16.00
42.00
18.00
27.00
1.00
44.00
66.00
2.00
39.00
5.00
4.00
1.00
17.00
37.00
103.00
736.00
42.00
135.00
42.00
32.00
66.00
5.00
3.00
59.00
48.00
2.00
155.00
68.00
239.00
368.00
1.00
175.00
144.00
69.00
22.00
26.00
105.00
191.00
1.00
45.00
62.00
14.00
645.00
26.00
74.00
18.00
41.00
19.00
67.00
35.00
73.00
6.00
60.00
13.00
8.00
46.00
4.00
6.00
25.00
38.00
248.00
422.00
163.00
139.00
6.00
35.00
30.00
4.00
99.00
230.00
22.00
5.00
170.00
3.00
2.00
72.00
104.00
252.00
58.00
71.00
157.00
1.00
12.00
11.00
9.00
1.00
9.00
14.00
42.00
9.00
29.00
31.00
1.00
30.00
56.00
25.00
775.00
230.00
92.00
19.00
47.00
1.00
8.00
22.00
10.00
105.00
66.00
109.00
638.00
170.00
11.00
107.00
94.00
125.00
92.00
102.00
58.00
93.00
3.00
3.00
101.00
522.00
88.00
2.00
23.00
44.00
74.00
22.00
76.00
13.00
18.00
4.00
14.00
7.00
1.00
3.00
1.00
3.00
87.00
14.00
31.00
1.00
86.00
25.00
96.00
98.00
634.00
125.00
110.00
104.00
16.00
4.00
98.00
30.00
6.00
92.00
102.00
224.00
468.00
103.00
1.00
2.00
76.00
35.00
49.00
1.00
49.00
2.00
109.00
51.00
1.00
39.00
119.00
2.00
843.00
13.00
58.00
58.00
112.00
67.00
124.00
6.00
22.00
96.00
756.00
66.00
20.00
14.00
34.00
2.00
44.00
70.00
22.00
1.00
68.00
67.00
148.00
1.00
102.00
21.00
4.00
73.00
1.00
44.00
451.00
23.00
1.00
202.00
3.00
18.00
1.00
97.00
9.00
14.00
6.00
2.00
1.00
41.00
30.00
1.00
81.00
138.00
23.00
92.00
37.00
9.00
650.00
73.00
16.00
39.00
143.00
2.00
40.00
31.00
86.00
8.00
4.00
79.00
11.00
8.00
6.00
6.00
82.00
50.00
229.00
119.00
1.00
401.00
8.00
48.00
5.00
13.00
117.00
25.00
4.00
13.00
115.00
2.00
54.00
1.00
1.00
99.00
1.00
4.00
108.00
15.00
1.00
180.00
30.00
390.00
182.00
1.00
15.00
57.00
8.00
33.00
1.00
74.00
217.00
16.00
15.00
47.00
65.00
14.00
13.00
1.00
4.00
30.00
8.00
3.00
27.00
684.00
22.00
29.00
239.00
3.00
6.00
1.00
86.00
87.00
66.00
1.00
84.00
47.00
149.00
1.00
37.00
179.00
351.00
82.00
42.00
4.00
2.00
5.00
1.00
1.00
44.00
25.00
1.00
51.00
17.00
3.00
49.00
44.00
113.00
15.00
127.00
536.00
218.00
69.00
64.00
2.00
15.00
86.00
4.00
26.00
7.00
11.00
15.00
4.00
68.00
4.00
3.00
3.00
39.00
322.00
514.00
119.00
1.00
26.00
19.00
15.00
221.00
39.00
23.00
1.00
36.00
37.00
19.00
21.00
7.00
58.00
34.00
102.00
325.00
385.00
72.00
53.00
54.00
25.00
30.00
30.00
36.00
5.00
17.00
1.00
42.00
7.00
294.00
4.00
91.00
84.00
582.00
13.00
69.00
49.00
70.00
77.00
55.00
15.00
4.00
34.00
6.00
2.00
380.00
1.00
423.00
156.00
32.00
9.00
34.00
40.00
153.00
1.00
26.00
51.00
31.00
1.00
111.00
4.00
374.00
2.00
278.00
81.00
60.00
2.00
137.00
39.00
2.00
65.00
39.00
73.00
43.00
39.00
74.00
50.00
4.00
35.00
7.00
3.00
39.00
29.00
41.00
2.00
5.00
2.00
668.00
105.00
48.00
23.00
134.00
3.00
39.00
12.00
1110.00
105.00
4.00
51.00
14.00
36.00
47.00
15.00
5.00
93.00
198.00
89.00
1.00
68.00
5.00
2.00
2.00
20.00
663.00
21.00
44.00
28.00
68.00
39.00
1.00
68.00
27.00
2.00
31.00
37.00
46.00
20.00
14.00
4.00
3.00
83.00
1.00
286.00
220.00
1.00
224.00
63.00
259.00
2.00
1.00
56.00
6.00
15.00
36.00
12.00
7.00
4.00
4.00
38.00
27.00
12.00
53.00
97.00
233.00
1.00
307.00
224.00
52.00
2.00
19.00
85.00
6.00
84.00
8.00
30.00
32.00
31.00
