172.00
1058.00
79.00
1.00
69.00
50.00
1.00
50.00
35.00
1.00
3.00
22.00
7.00
22.00
1.00
111.00
895.00
8.00
16.00
198.00
230.00
213.00
70.00
726.00
219.00
5.00
1067.00
195.00
7.00
176.00
1.00
7.00
6.00
52.00
49.00
174.00
58.00
797.00
2.00
171.00
64.00
2.00
154.00
23.00
51.00
119.00
135.00
658.00
162.00
100.00
51.00
128.00
66.00
69.00
2.00
74.00
755.00
108.00
239.00
1.00
36.00
23.00
61.00
6.00
9.00
42.00
1.00
39.00
36.00
168.00
747.00
7.00
42.00
226.00
67.00
1.00
119.00
5.00
6.00
10.00
852.00
117.00
20.00
28.00
47.00
232.00
5.00
70.00
166.00
737.00
44.00
63.00
33.00
107.00
56.00
138.00
105.00
101.00
659.00
234.00
76.00
44.00
26.00
198.00
84.00
820.00
1.00
1.00
110.00
11.00
69.00
18.00
13.00
21.00
80.00
49.00
8.00
1.00
57.00
70.00
31.00
93.00
734.00
1.00
62.00
151.00
56.00
60.00
407.00
913.00
15.00
96.00
93.00
2.00
63.00
1.00
6.00
1036.00
526.00
749.00
149.00
105.00
218.00
7.00
39.00
87.00
7.00
108.00
1.00
2.00
128.00
792.00
59.00
1.00
35.00
20.00
169.00
17.00
2.00
129.00
7.00
10.00
837.00
1.00
76.00
66.00
146.00
19.00
123.00
1.00
2.00
102.00
912.00
80.00
11.00
37.00
56.00
127.00
5.00
121.00
4.00
3.00
45.00
58.00
75.00
1.00
81.00
789.00
15.00
127.00
88.00
67.00
4.00
3.00
1.00
16.00
68.00
101.00
94.00
764.00
89.00
66.00
6.00
27.00
32.00
54.00
101.00
81.00
48.00
74.00
780.00
124.00
14.00
143.00
2.00
64.00
119.00
78.00
8.00
53.00
2.00
34.00
86.00
815.00
74.00
72.00
54.00
5.00
4.00
11.00
5.00
40.00
255.00
3.00
56.00
1.00
610.00
262.00
45.00
5.00
1.00
25.00
339.00
1.00
979.00
121.00
14.00
30.00
83.00
13.00
81.00
12.00
56.00
15.00
99.00
797.00
377.00
142.00
1.00
957.00
554.00
1038.00
83.00
153.00
521.00
592.00
137.00
