0
0
0
0
0
0
0
0
0
5
1
12
5
0
0
0
0
0
0
0
22
6
0
0
1
0
0
0
0
0
0
0
0
0
6
0
0
0
0
0
0
0
0
2
0
13
1
3
0
0
0
0
0
0
0
0
2
0
0
2
14
9
0
2
0
0
0
0
6
4
12
5
12
0
4
0
0
0
0
0
0
4
2
26
4
3
0
0
0
0
0
0
1
5
0
5
0
4
0
0
0
0
0
0
3
9
13
0
5
2
3
0
0
0
0
0
10
17
4
2
0
0
0
0
0
0
0
3
0
8
17
7
0
2
0
0
0
0
0
6
2
13
13
10
0
2
0
0
0
0
0
0
9
4
7
0
0
0
4
0
0
0
0
0
0
17
3
0
10
0
0
0
0
0
0
0
4
19
0
1
0
0
0
0
0
0
0
15
4
13
1
16
5
6
5
0
0
0
0
4
1
7
15
0
0
11
0
0
0
0
0
1
0
6
4
0
0
0
0
0
0
0
0
0
0
17
10
8
0
1
0
0
0
0
0
0
0
0
10
7
6
1
0
0
0
0
0
0
8
13
3
3
0
0
0
0
0
0
0
2
1
10
9
0
0
0
7
0
0
2
0
0
2
13
3
18
0
0
6
0
0
5
0
4
0
7
14
0
0
0
0
0
0
0
0
0
0
8
9
3
1
1
0
0
0
0
0
0
5
1
0
7
0
0
0
0
0
0
0
0
2
0
0
0
0
0
0
0
0
0
0
0
0
0
2
0
0
0
0
0
0
0
0
2
4
0
0
