27.00
151.00
1049.00
77.00
36.00
82.00
95.00
23.00
8.00
137.00
789.00
70.00
30.00
12.00
197.00
443.00
70.00
679.00
6.00
29.00
39.00
73.00
91.00
1070.00
151.00
1.00
39.00
5.00
1.00
29.00
32.00
108.00
7.00
5.00
54.00
1084.00
168.00
64.00
177.00
3.00
51.00
121.00
1.00
133.00
3.00
655.00
159.00
97.00
50.00
51.00
77.00
70.00
50.00
21.00
80.00
655.00
1.00
93.00
105.00
281.00
31.00
64.00
7.00
9.00
127.00
167.00
631.00
60.00
48.00
4.00
36.00
426.00
19.00
850.00
116.00
20.00
20.00
47.00
238.00
71.00
171.00
615.00
120.00
40.00
60.00
33.00
108.00
57.00
142.00
1.00
868.00
1.00
1.00
160.00
22.00
39.00
15.00
62.00
46.00
31.00
285.00
744.00
1.00
1.00
17.00
41.00
108.00
8.00
23.00
1.00
33.00
14.00
12.00
18.00
149.00
165.00
663.00
1.00
83.00
19.00
51.00
56.00
149.00
16.00
31.00
1059.00
65.00
66.00
72.00
113.00
16.00
190.00
65.00
7.00
1033.00
29.00
23.00
1.00
78.00
1129.00
137.00
102.00
121.00
102.00
1.00
40.00
208.00
3.00
129.00
624.00
33.00
129.00
58.00
1.00
28.00
2.00
20.00
186.00
131.00
8.00
11.00
738.00
93.00
75.00
64.00
147.00
18.00
127.00
675.00
343.00
3.00
71.00
7.00
36.00
53.00
127.00
135.00
191.00
82.00
612.00
2.00
170.00
143.00
89.00
69.00
30.00
68.00
1.00
911.00
47.00
88.00
68.00
6.00
26.00
32.00
54.00
184.00
330.00
533.00
31.00
123.00
12.00
142.00
1.00
282.00
95.00
89.00
696.00
118.00
74.00
73.00
54.00
6.00
20.00
6.00
361.00
390.00
200.00
237.00
21.00
46.00
4.00
25.00
343.00
928.00
47.00
137.00
31.00
4.00
79.00
16.00
210.00
59.00
150.00
62.00
87.00
320.00
2.00
138.00
20.00
1.00
178.00
128.00
62.00
1099.00
774.00
523.00
27.00
1.00
204.00
53.00
79.00
672.00
450.00
95.00
36.00
134.00
7.00
79.00
