36
5
0
0
0
0
0
4
2
16
6
29
1
13
0
2
0
0
10
0
14
1
10
1
4
23
6
0
0
0
0
13
8
21
22
27
22
1
0
8
0
0
8
0
15
10
17
2
1
5
8
1
1
0
6
1
28
49
33
15
0
0
0
0
0
0
1
0
6
27
19
21
6
0
0
0
0
0
3
6
2
13
5
17
15
5
5
0
0
0
1
10
20
8
51
21
6
1
6
0
0
0
0
6
5
9
8
11
8
3
0
5
0
0
0
1
6
15
2
12
1
3
0
0
0
0
0
0
12
3
2
4
4
0
0
0
0
0
0
12
15
5
3
4
5
15
1
0
0
1
6
7
20
32
12
1
9
35
0
0
0
0
0
16
10
10
8
11
4
2
0
1
4
0
0
19
5
17
5
19
10
13
1
1
0
0
3
16
13
4
0
12
18
18
0
0
0
0
0
8
0
15
28
1
12
1
7
2
4
0
0
3
23
36
7
11
2
2
0
0
0
3
0
3
14
21
17
14
0
0
5
0
0
0
2
18
2
4
34
27
5
1
0
0
7
0
0
4
8
11
32
0
0
3
8
0
0
0
0
13
9
2
18
6
0
0
8
0
0
0
7
17
19
23
12
10
3
0
0
5
0
3
4
4
6
7
6
12
15
7
0
0
0
0
1
6
5
10
0
0
0
0
0
0
0
0
2
5
17
19
15
0
5
22
0
0
0
0
0
8
42
12
9
29
8
0
2
0
5
0
2
2
0
23
22
13
8
0
9
0
0
6
0
13
20
11
21
