1
1
0
0
0
0
0
0
0
0
13
9
20
3
4
0
0
0
0
0
1
40
9
2
0
0
0
2
2
0
0
0
0
17
11
5
0
0
0
0
0
0
0
0
11
3
15
12
8
0
0
0
0
0
0
0
0
9
5
9
4
13
9
4
0
0
0
0
0
8
4
17
4
13
7
11
0
0
0
0
4
10
4
0
15
16
6
0
3
0
0
0
0
5
24
0
0
0
14
0
0
0
0
0
0
8
6
15
0
6
3
2
0
0
0
0
1
12
26
4
1
4
0
0
0
0
0
0
12
0
5
15
2
0
3
0
0
0
0
0
14
14
30
34
7
0
9
0
0
0
0
6
3
17
0
7
0
0
0
0
0
0
0
0
13
3
9
2
6
9
0
0
0
0
0
0
0
8
11
2
0
0
0
0
0
0
0
0
10
10
8
2
19
0
6
5
0
0
0
0
2
4
15
17
3
2
17
0
0
0
0
0
3
14
9
6
3
1
0
0
0
0
5
0
0
11
20
9
1
1
1
11
0
0
0
0
3
0
6
3
8
7
0
0
0
0
0
0
0
7
10
21
3
5
0
0
2
0
0
0
7
5
14
11
0
0
2
8
0
0
0
0
0
1
14
8
36
0
0
6
0
0
12
6
6
0
3
15
0
0
2
0
0
0
0
0
0
0
15
6
5
0
3
2
4
1
0
0
2
15
0
2
5
0
0
0
0
0
0
0
0
7
0
0
0
0
0
0
3
0
0
0
3
0
7
5
0
0
0
0
0
6
0
0
4
6
4
7
124
112
124
120
124
120
124
124
120
124
120
124
