66
69
22
30
27
10
9
2
30
63
28
66
47
14
27
40
16
7
10
6
19
20
57
32
55
40
8
51
27
22
11
5
37
51
70
58
39
37
33
19
6
5
14
10
42
50
75
27
21
25
14
36
6
22
0
5
26
13
42
48
75
44
28
39
10
1
0
23
31
32
41
30
39
19
44
9
8
7
6
7
39
33
52
50
24
24
15
20
20
12
4
20
63
53
58
36
32
43
55
28
24
7
17
7
26
44
72
50
3
51
25
11
3
0
4
4
27
41
70
27
39
30
24
6
30
1
0
25
27
42
80
24
23
21
13
5
11
12
9
29
27
16
23
26
52
27
6
30
7
0
9
31
38
34
27
28
36
57
7
5
3
1
15
11
62
55
48
54
30
61
26
13
10
21
7
24
25
48
7
37
62
59
17
8
34
7
1
2
59
30
55
16
45
32
32
26
11
20
21
32
24
53
43
45
66
19
40
12
3
9
1
0
25
57
14
43
34
14
22
13
16
19
2
0
16
33
44
38
39
38
9
23
8
9
10
13
40
29
28
22
33
48
25
29
18
2
26
6
12
41
49
42
42
24
45
0
35
30
1
30
21
57
58
14
16
49
49
12
17
0
5
9
14
51
57
41
29
29
23
17
2
7
19
10
47
57
45
43
33
24
20
36
12
3
8
9
30
75
37
65
41
36
17
14
31
10
15
4
44
35
27
51
57
60
21
4
1
0
8
17
58
82
27
51
43
40
43
20
15
6
13
5
65
21
51
28
48
28
17
29
5
26
19
3
32
32
54
63
73
39
61
36
11
8
39
2
81
66
36
36
