1.00
28.00
95.00
3.00
21.00
1.00
962.00
27.00
8.00
97.00
19.00
14.00
30.00
15.00
402.00
17.00
1.00
389.00
32.00
201.00
218.00
31.00
86.00
42.00
47.00
32.00
8.00
52.00
15.00
13.00
177.00
113.00
39.00
227.00
1.00
465.00
7.00
11.00
54.00
3.00
43.00
9.00
35.00
14.00
24.00
60.00
51.00
3.00
63.00
2.00
122.00
808.00
3.00
8.00
119.00
41.00
19.00
14.00
13.00
283.00
285.00
631.00
91.00
43.00
100.00
33.00
30.00
5.00
50.00
20.00
24.00
20.00
3.00
3.00
32.00
44.00
5.00
1.00
155.00
2.00
212.00
542.00
105.00
2.00
80.00
1.00
152.00
68.00
76.00
118.00
3.00
729.00
10.00
61.00
67.00
36.00
27.00
30.00
66.00
21.00
1.00
5.00
31.00
1.00
51.00
6.00
946.00
29.00
36.00
33.00
1.00
28.00
46.00
5.00
1.00
40.00
11.00
12.00
55.00
4.00
107.00
120.00
54.00
68.00
4.00
9.00
85.00
2.00
66.00
564.00
117.00
73.00
57.00
1.00
4.00
1.00
4.00
40.00
34.00
215.00
6.00
205.00
4.00
724.00
1.00
1.00
1.00
154.00
46.00
18.00
203.00
58.00
1.00
211.00
586.00
86.00
1.00
60.00
1.00
16.00
118.00
1.00
9.00
11.00
21.00
3.00
218.00
127.00
697.00
106.00
200.00
116.00
186.00
2.00
1.00
3.00
3.00
1.00
278.00
15.00
6.00
635.00
133.00
73.00
123.00
111.00
39.00
17.00
34.00
9.00
4.00
916.00
65.00
55.00
22.00
6.00
32.00
1.00
62.00
23.00
104.00
110.00
26.00
4.00
5.00
3.00
33.00
9.00
689.00
121.00
14.00
77.00
276.00
4.00
15.00
112.00
60.00
1.00
122.00
89.00
48.00
566.00
60.00
80.00
17.00
8.00
87.00
103.00
8.00
4.00
90.00
3.00
3.00
115.00
67.00
700.00
102.00
3.00
31.00
27.00
1.00
4.00
95.00
16.00
165.00
317.00
681.00
39.00
23.00
17.00
9.00
232.00
3.00
46.00
5.00
1.00
10.00
60.00
8.00
1.00
112.00
793.00
1.00
108.00
81.00
33.00
55.00
82.00
3.00
13.00
3.00
3.00
96.00
15.00
1.00
97.00
138.00
802.00
180.00
23.00
224.00
6.00
67.00
7.00
115.00
106.00
1.00
153.00
441.00
17.00
107.00
89.00
3.00
1.00
49.00
89.00
4.00
75.00
4.00
213.00
57.00
614.00
123.00
44.00
39.00
35.00
1.00
9.00
35.00
306.00
123.00
78.00
786.00
194.00
91.00
38.00
6.00
1115.00
20.00
21.00
4.00
185.00
442.00
595.00
1.00
79.00
21.00
19.00
26.00
23.00
59.00
58.00
6.00
4.00
126.00
20.00
96.00
913.00
45.00
29.00
125.00
40.00
16.00
88.00
8.00
7.00
14.00
41.00
82.00
19.00
831.00
29.00
13.00
80.00
11.00
23.00
47.00
109.00
274.00
6.00
43.00
12.00
69.00
643.00
3.00
87.00
2.00
52.00
58.00
12.00
2.00
11.00
74.00
195.00
5.00
7.00
8.00
105.00
43.00
137.00
4.00
717.00
235.00
137.00
10.00
55.00
10.00
82.00
1.00
9.00
57.00
671.00
1.00
19.00
1.00
20.00
1.00
125.00
65.00
