66
61
6
15
11
3
13
1
4
33
18
17
19
3
19
29
7
7
19
0
0
6
31
28
43
40
7
32
13
17
2
9
19
22
17
42
16
37
15
11
1
0
8
4
16
9
33
23
5
20
8
13
4
8
2
0
18
10
19
42
66
42
21
12
10
1
1
13
7
6
23
16
31
13
36
4
8
10
0
0
14
24
43
52
21
25
3
4
2
9
1
15
42
15
46
16
16
42
29
27
5
1
3
9
11
41
23
44
7
42
19
3
10
0
3
3
6
13
27
6
20
20
11
2
8
1
0
14
20
40
64
12
11
20
4
0
17
8
2
30
18
10
13
8
38
4
1
23
2
2
6
11
8
20
17
21
29
24
3
0
1
0
2
9
5
34
17
31
30
65
28
16
1
4
13
32
12
44
5
16
36
37
10
11
21
3
8
4
43
12
20
25
45
20
28
16
1
4
1
29
27
46
28
11
54
9
10
10
2
6
2
0
23
33
3
48
53
18
8
6
7
1
2
12
9
16
29
35
35
24
12
12
4
5
7
10
38
15
15
18
38
51
23
19
10
1
10
13
11
33
10
41
46
18
44
5
7
24
6
6
29
43
33
7
16
33
30
2
0
1
5
5
49
46
23
36
38
20
15
5
2
2
1
13
8
34
9
25
9
17
9
16
9
3
5
5
21
47
34
46
26
7
1
10
17
4
11
6
42
7
11
43
56
43
5
0
6
0
1
8
22
36
16
32
22
26
41
7
1
0
0
9
34
41
50
19
49
27
22
26
1
12
0
3
13
1
28
39
58
40
40
31
0
9
11
2
32
12
5
20
