24
15
6
4
0
0
0
0
3
3
10
7
3
13
12
0
16
1
0
4
14
6
9
23
2
0
0
5
9
0
0
0
29
8
6
2
20
24
52
5
13
0
1
3
4
2
11
20
29
18
2
8
0
0
0
6
10
25
22
10
35
33
7
0
2
0
1
2
0
0
10
9
11
7
10
2
0
0
0
3
0
9
16
51
15
26
20
7
0
0
4
0
7
25
1
33
1
29
13
5
3
0
13
2
1
2
7
3
5
5
15
3
6
0
3
2
16
3
20
8
24
11
0
11
0
0
2
7
2
10
39
4
5
6
12
0
4
0
0
1
6
16
8
26
0
19
19
15
1
0
2
0
23
14
19
14
3
16
17
2
0
1
0
14
2
0
6
23
31
24
14
7
0
11
5
3
0
9
1
23
12
31
13
14
0
0
0
6
4
5
36
27
8
26
7
1
0
1
1
0
7
2
0
9
16
24
26
12
5
1
1
1
5
12
8
2
4
10
14
9
8
4
0
0
4
2
5
8
7
26
10
3
9
4
18
0
21
11
38
27
46
20
16
3
2
0
3
3
4
1
4
2
7
10
2
3
0
0
0
4
0
4
10
5
19
24
16
6
7
1
2
0
0
12
25
12
19
7
4
4
3
0
0
4
7
9
13
18
2
8
19
1
5
0
0
1
12
7
4
4
2
9
19
0
0
0
5
2
6
9
12
9
0
36
16
23
6
0
0
0
0
15
11
2
12
37
9
2
0
0
0
7
10
2
28
4
4
5
6
22
6
2
5
0
2
24
6
33
17
19
1
21
5
5
2
9
1
5
9
14
