48
23
9
12
8
4
5
7
11
15
24
27
20
38
29
18
24
8
8
12
20
29
29
39
25
2
3
29
20
0
14
1
37
31
19
22
28
28
54
17
45
2
18
6
19
19
38
35
34
42
5
17
0
0
4
11
15
27
47
30
46
45
11
11
16
0
26
9
1
11
19
34
37
32
21
6
2
0
16
10
11
30
30
56
25
41
32
18
1
5
14
7
28
52
20
48
10
24
38
26
10
0
19
13
13
9
35
24
9
17
31
7
18
0
31
9
22
23
43
27
42
13
13
18
17
3
14
11
17
24
58
17
9
16
20
3
15
6
9
15
16
22
15
35
15
42
25
40
8
1
12
3
27
16
43
28
17
30
31
15
2
19
0
30
20
14
25
43
48
24
20
25
2
21
6
0
0
45
16
31
28
46
38
26
18
2
4
27
3
9
34
31
27
27
29
4
1
4
1
5
18
9
2
28
33
31
32
15
11
0
13
8
30
18
35
12
25
23
33
30
22
9
10
0
29
19
15
23
19
33
17
16
41
4
34
7
32
42
51
47
51
36
34
9
23
13
4
7
28
11
15
26
12
56
3
24
33
1
0
4
5
12
52
16
23
28
33
22
23
11
18
12
5
16
39
33
32
7
4
32
9
4
1
4
7
23
13
46
10
13
24
22
10
1
0
27
40
8
17
14
3
22
38
7
8
8
15
17
25
18
31
31
13
40
40
42
9
0
5
25
8
39
17
7
15
45
14
8
5
1
4
12
22
15
47
24
19
24
35
49
13
14
14
0
12
20
34
58
26
26
14
31
28
20
5
34
8
16
21
29
