19.00
1.00
3.00
4.00
4.00
2.00
9.00
3.00
7.00
10.00
4.00
14.00
44.00
30.00
1.00
22.00
39.00
3.00
80.00
10.00
14.00
43.00
46.00
434.00
1.00
104.00
11.00
14.00
4.00
92.00
17.00
13.00
27.00
8.00
18.00
5.00
23.00
13.00
11.00
7.00
1.00
74.00
25.00
1.00
48.00
27.00
2.00
32.00
41.00
8.00
7.00
26.00
19.00
32.00
49.00
275.00
386.00
24.00
19.00
5.00
23.00
15.00
3.00
7.00
21.00
41.00
1.00
13.00
17.00
8.00
1.00
1.00
1.00
16.00
23.00
3.00
3.00
6.00
6.00
9.00
21.00
82.00
16.00
50.00
11.00
31.00
6.00
1.00
11.00
4.00
14.00
10.00
24.00
11.00
161.00
351.00
70.00
40.00
9.00
51.00
1.00
6.00
1.00
17.00
11.00
4.00
5.00
1.00
5.00
1.00
7.00
15.00
1.00
41.00
14.00
14.00
13.00
1.00
15.00
40.00
1.00
54.00
8.00
10.00
1.00
4.00
5.00
51.00
2.00
16.00
6.00
35.00
6.00
9.00
1.00
6.00
19.00
32.00
12.00
561.00
27.00
119.00
6.00
24.00
11.00
11.00
10.00
39.00
37.00
66.00
1.00
8.00
17.00
3.00
1.00
29.00
6.00
39.00
6.00
2.00
4.00
6.00
3.00
56.00
1.00
10.00
53.00
4.00
73.00
2.00
29.00
627.00
88.00
2.00
26.00
12.00
41.00
2.00
10.00
20.00
7.00
2.00
1.00
17.00
20.00
6.00
1.00
44.00
3.00
7.00
5.00
28.00
2.00
2.00
15.00
2.00
69.00
8.00
53.00
15.00
10.00
23.00
104.00
49.00
481.00
54.00
48.00
1.00
44.00
8.00
1.00
6.00
4.00
46.00
36.00
4.00
23.00
1.00
18.00
21.00
9.00
11.00
47.00
3.00
3.00
8.00
52.00
2.00
2.00
47.00
1.00
1.00
25.00
2.00
1.00
2.00
4.00
164.00
42.00
97.00
384.00
1.00
21.00
9.00
21.00
35.00
64.00
15.00
12.00
2.00
25.00
9.00
12.00
55.00
13.00
2.00
2.00
17.00
10.00
1.00
2.00
5.00
25.00
1.00
1.00
37.00
8.00
14.00
13.00
1.00
21.00
2.00
20.00
25.00
3.00
39.00
1.00
73.00
1.00
21.00
12.00
2.00
25.00
15.00
53.00
199.00
282.00
2.00
26.00
35.00
32.00
28.00
1.00
39.00
1.00
22.00
11.00
4.00
8.00
46.00
69.00
2.00
18.00
17.00
54.00
29.00
1.00
3.00
3.00
1.00
13.00
1.00
8.00
50.00
6.00
16.00
4.00
42.00
58.00
2.00
18.00
78.00
13.00
436.00
113.00
1.00
72.00
27.00
24.00
10.00
12.00
7.00
22.00
4.00
19.00
5.00
13.00
117.00
6.00
3.00
2.00
15.00
38.00
15.00
4.00
5.00
89.00
66.00
2.00
62.00
587.00
70.00
1.00
19.00
30.00
9.00
18.00
12.00
7.00
7.00
19.00
5.00
15.00
17.00
5.00
39.00
36.00
2.00
39.00
11.00
31.00
22.00
7.00
6.00
14.00
2.00
8.00
61.00
2.00
4.00
45.00
1.00
3.00
3.00
117.00
456.00
86.00
7.00
68.00
76.00
30.00
8.00
1.00
1.00
1.00
1.00
4.00
5.00
15.00
3.00
2.00
51.00
20.00
21.00
60.00
2.00
3.00
4.00
3.00
54.00
48.00
70.00
34.00
5.00
28.00
33.00
99.00
3.00
1.00
57.00
106.00
215.00
47.00
48.00
1.00
3.00
139.00
11.00
44.00
1.00
1.00
42.00
61.00
1.00
11.00
18.00
8.00
30.00
5.00
58.00
20.00
17.00
36.00
1.00
48.00
17.00
15.00
43.00
31.00
24.00
24.00
1.00
5.00
45.00
604.00
2.00
91.00
19.00
10.00
26.00
1.00
33.00
5.00
91.00
6.00
2.00
25.00
24.00
2.00
2.00
3.00
5.00
18.00
5.00
4.00
32.00
5.00
7.00
18.00
1.00
1.00
10.00
10.00
1.00
3.00
1.00
141.00
3.00
31.00
45.00
18.00
624.00
2.00
9.00
42.00
2.00
14.00
7.00
1.00
18.00
20.00
2.00
12.00
56.00
1.00
6.00
34.00
3.00
25.00
22.00
23.00
2.00
6.00
1.00
3.00
3.00
19.00
19.00
9.00
2.00
23.00
7.00
1.00
6.00
10.00
25.00
41.00
2.00
2.00
2.00
1.00
31.00
99.00
421.00
121.00
7.00
32.00
40.00
7.00
1.00
77.00
49.00
12.00
17.00
40.00
12.00
8.00
1.00
5.00
1.00
26.00
2.00
1.00
29.00
8.00
14.00
29.00
4.00
3.00
4.00
1.00
88.00
3.00
11.00
17.00
62.00
6.00
1.00
27.00
1.00
1.00
1.00
16.00
491.00
1.00
48.00
4.00
49.00
11.00
1.00
12.00
42.00
2.00
3.00
6.00
2.00
3.00
18.00
54.00
97.00
2.00
2.00
3.00
3.00
30.00
5.00
16.00
18.00
68.00
6.00
20.00
1.00
2.00
10.00
47.00
7.00
2.00
7.00
7.00
8.00
45.00
21.00
52.00
47.00
143.00
337.00
107.00
8.00
11.00
22.00
55.00
2.00
17.00
4.00
2.00
10.00
1.00
6.00
28.00
20.00
6.00
40.00
5.00
3.00
1.00
27.00
1.00
3.00
13.00
72.00
30.00
32.00
57.00
21.00
4.00
1.00
2.00
157.00
452.00
15.00
9.00
27.00
11.00
7.00
1.00
13.00
9.00
57.00
6.00
32.00
33.00
54.00
33.00
10.00
15.00
1.00
3.00
2.00
6.00
36.00
9.00
2.00
3.00
9.00
3.00
45.00
39.00
41.00
6.00
18.00
49.00
89.00
6.00
562.00
81.00
20.00
24.00
51.00
24.00
4.00
14.00
3.00
26.00
1.00
64.00
6.00
7.00
5.00
24.00
31.00
6.00
5.00
4.00
9.00
5.00
6.00
7.00
9.00
26.00
6.00
9.00
1.00
121.00
59.00
19.00
42.00
2.00
59.00
463.00
61.00
59.00
5.00
44.00
28.00
1.00
61.00
34.00
6.00
14.00
4.00
2.00
22.00
30.00
5.00
23.00
11.00
2.00
37.00
13.00
12.00
7.00
1.00
2.00
48.00
2.00
9.00
63.00
5.00
11.00
1.00
8.00
31.00
44.00
6.00
1.00
18.00
55.00
10.00
49.00
1.00
445.00
14.00
45.00
56.00
51.00
1.00
5.00
21.00
1.00
42.00
19.00
18.00
20.00
21.00
5.00
1.00
2.00
17.00
33.00
3.00
2.00
3.00
3.00
8.00
60.00
7.00
5.00
3.00
3.00
2.00
5.00
2.00
7.00
52.00
6.00
94.00
50.00
1.00
443.00
1.00
106.00
7.00
41.00
2.00
3.00
21.00
1.00
24.00
2.00
3.00
7.00
16.00
1.00
66.00
11.00
52.00
1.00
64.00
1.00
43.00
8.00
24.00
1.00
13.00
47.00
1.00
2.00
1.00
2.00
2.00
1.00
7.00
31.00
9.00
9.00
251.00
388.00
3.00
27.00
2.00
52.00
7.00
34.00
2.00
1.00
2.00
15.00
29.00
2.00
4.00
15.00
3.00
8.00
8.00
2.00
48.00
11.00
5.00
11.00
18.00
3.00
17.00
12.00
4.00
31.00
1.00
8.00
62.00
26.00
5.00
10.00
4.00
26.00
5.00
2.00
31.00
28.00
58.00
29.00
1.00
1.00
52.00
257.00
323.00
29.00
50.00
9.00
17.00
13.00
19.00
49.00
14.00
7.00
3.00
17.00
1.00
6.00
31.00
11.00
1.00
4.00
3.00
8.00
25.00
1.00
3.00
1.00
64.00
3.00
3.00
3.00
35.00
45.00
12.00
3.00
1.00
9.00
20.00
60.00
27.00
26.00
30.00
12.00
35.00
47.00
452.00
13.00
1.00
77.00
1.00
1.00
1.00
4.00
17.00
21.00
15.00
4.00
2.00
2.00
20.00
12.00
3.00
2.00
53.00
2.00
29.00
22.00
2.00
6.00
22.00
12.00
3.00
1.00
31.00
3.00
29.00
18.00
19.00
5.00
19.00
163.00
24.00
96.00
548.00
38.00
27.00
33.00
2.00
87.00
1.00
30.00
3.00
4.00
12.00
3.00
7.00
43.00
1.00
1.00
7.00
9.00
9.00
7.00
9.00
1.00
26.00
1.00
12.00
14.00
14.00
46.00
25.00
20.00
33.00
38.00
594.00
11.00
8.00
11.00
2.00
5.00
1.00
1.00
56.00
1.00
6.00
2.00
9.00
12.00
2.00
17.00
64.00
10.00
5.00
9.00
5.00
1.00
1.00
12.00
5.00
33.00
2.00
16.00
12.00
56.00
1.00
14.00
20.00
19.00
8.00
24.00
57.00
70.00
3.00
1.00
2.00
13.00
527.00
11.00
2.00
2.00
15.00
61.00
44.00
1.00
21.00
21.00
2.00
5.00
1.00
6.00
68.00
8.00
15.00
6.00
1.00
1.00
55.00
78.00
6.00
1.00
2.00
2.00
3.00
2.00
2.00
6.00
1.00
35.00
1.00
23.00
5.00
15.00
20.00
2.00
3.00
12.00
72.00
19.00
3.00
59.00
9.00
171.00
2.00
436.00
17.00
80.00
4.00
33.00
17.00
19.00
32.00
4.00
1.00
22.00
6.00
7.00
8.00
3.00
3.00
8.00
1.00
4.00
18.00
4.00
10.00
2.00
1.00
51.00
10.00
2.00
1.00
9.00
8.00
5.00
2.00
1.00
1.00
15.00
7.00
45.00
23.00
3.00
170.00
351.00
20.00
19.00
78.00
27.00
11.00
12.00
9.00
35.00
5.00
66.00
5.00
1.00
10.00
40.00
12.00
4.00
1.00
2.00
3.00
