77
78
19
20
9
2
0
0
3
32
13
56
29
7
22
28
5
0
1
0
0
8
29
34
69
43
8
32
16
5
0
0
1
22
48
39
39
49
29
13
2
0
0
0
8
9
63
11
23
24
13
18
0
0
0
0
5
6
34
36
87
47
33
11
6
0
0
0
5
13
34
22
40
21
41
6
3
2
0
0
15
15
21
59
33
26
12
15
0
2
0
3
18
31
45
24
42
50
54
26
8
0
0
0
2
12
59
45
8
48
20
7
4
0
0
0
11
11
54
10
28
37
22
1
0
0
0
1
4
16
80
16
29
22
12
1
15
2
0
6
8
14
17
8
53
10
11
24
0
0
0
0
2
23
9
37
34
54
4
3
0
0
0
0
11
25
48
36
42
88
26
4
8
0
0
8
28
17
6
45
54
55
17
23
4
0
0
0
19
23
37
29
29
28
22
13
1
1
0
0
1
48
50
27
61
19
31
14
1
0
0
0
21
25
6
61
43
19
17
7
0
0
0
0
8
26
21
40
50
24
11
15
3
0
0
0
8
15
19
20
39
54
32
24
9
0
0
0
4
19
32
52
56
26
35
2
8
0
0
12
12
38
28
16
21
46
42
0
1
0
0
0
12
29
41
46
39
30
22
14
0
0
3
0
3
26
30
41
24
27
15
20
4
0
0
0
7
38
29
61
40
30
0
3
3
0
0
0
12
20
9
48
78
61
8
2
0
0
0
0
36
39
23
47
37
41
46
10
0
0
0
0
22
31
37
18
51
33
26
28
4
5
0
0
0
11
17
59
80
45
74
29
0
2
0
0
29
17
17
35
