14.00
42.00
2.00
18.00
80.00
5.00
106.00
261.00
1.00
506.00
4.00
90.00
33.00
77.00
8.00
38.00
7.00
69.00
1.00
173.00
1.00
162.00
5.00
206.00
10.00
493.00
115.00
127.00
101.00
460.00
80.00
488.00
71.00
13.00
5.00
31.00
2.00
46.00
54.00
2.00
6.00
193.00
1.00
46.00
2.00
46.00
12.00
65.00
90.00
52.00
5.00
7.00
17.00
2.00
560.00
128.00
212.00
70.00
3.00
21.00
11.00
60.00
25.00
9.00
162.00
183.00
774.00
1.00
30.00
15.00
47.00
2.00
14.00
7.00
67.00
27.00
6.00
20.00
12.00
1.00
39.00
28.00
85.00
12.00
86.00
259.00
1.00
281.00
10.00
476.00
87.00
85.00
17.00
1.00
1129.00
1.00
92.00
32.00
6.00
2.00
6.00
76.00
1.00
16.00
1.00
149.00
53.00
45.00
505.00
2.00
363.00
10.00
2.00
1.00
13.00
20.00
65.00
57.00
71.00
17.00
159.00
1.00
191.00
157.00
685.00
74.00
11.00
25.00
243.00
83.00
99.00
695.00
39.00
93.00
131.00
99.00
1.00
144.00
23.00
15.00
5.00
2.00
31.00
8.00
258.00
552.00
181.00
2.00
76.00
57.00
3.00
1.00
3.00
8.00
191.00
72.00
118.00
7.00
722.00
168.00
3.00
7.00
35.00
39.00
102.00
76.00
208.00
3.00
10.00
1.00
2.00
2.00
74.00
63.00
2.00
64.00
273.00
252.00
50.00
135.00
26.00
14.00
5.00
14.00
1.00
12.00
75.00
1.00
7.00
86.00
4.00
120.00
53.00
67.00
6.00
632.00
1.00
487.00
1.00
49.00
66.00
5.00
5.00
36.00
106.00
82.00
3.00
1.00
1.00
298.00
96.00
403.00
23.00
123.00
108.00
6.00
171.00
75.00
7.00
4.00
1.00
2.00
126.00
11.00
7.00
1.00
553.00
16.00
18.00
262.00
1.00
77.00
73.00
13.00
13.00
97.00
104.00
2.00
13.00
11.00
2.00
37.00
740.00
75.00
334.00
24.00
93.00
67.00
136.00
11.00
33.00
5.00
139.00
498.00
451.00
32.00
163.00
7.00
25.00
102.00
38.00
59.00
50.00
522.00
21.00
292.00
32.00
300.00
5.00
247.00
65.00
72.00
155.00
23.00
164.00
2.00
35.00
2.00
97.00
57.00
1.00
1.00
79.00
2.00
6.00
10.00
27.00
1.00
75.00
2.00
82.00
14.00
7.00
3.00
51.00
90.00
2.00
715.00
234.00
91.00
126.00
5.00
62.00
72.00
3.00
16.00
2.00
6.00
240.00
786.00
25.00
64.00
6.00
164.00
10.00
34.00
57.00
81.00
2.00
4.00
162.00
8.00
692.00
137.00
38.00
1.00
51.00
63.00
1.00
98.00
28.00
55.00
1.00
239.00
4.00
46.00
62.00
498.00
114.00
13.00
218.00
81.00
218.00
105.00
621.00
73.00
1.00
8.00
147.00
36.00
59.00
78.00
233.00
936.00
107.00
73.00
56.00
68.00
185.00
25.00
38.00
18.00
1.00
10.00
48.00
8.00
36.00
3.00
74.00
20.00
127.00
364.00
1.00
1.00
162.00
68.00
40.00
320.00
9.00
61.00
2.00
17.00
8.00
52.00
666.00
73.00
218.00
40.00
9.00
7.00
307.00
155.00
6.00
41.00
33.00
1.00
144.00
86.00
437.00
43.00
201.00
18.00
9.00
138.00
1.00
96.00
1.00
117.00
1.00
90.00
24.00
86.00
184.00
238.00
1.00
2.00
445.00
2.00
23.00
