19.00
1.00
3.00
2.00
4.00
4.00
2.00
10.00
8.00
14.00
1.00
14.00
41.00
1.00
30.00
21.00
38.00
8.00
41.00
23.00
6.00
7.00
1.00
1.00
1.00
7.00
24.00
14.00
24.00
24.00
94.00
9.00
72.00
84.00
3.00
29.00
3.00
72.00
57.00
12.00
6.00
10.00
6.00
3.00
13.00
4.00
5.00
5.00
73.00
6.00
4.00
9.00
19.00
1.00
8.00
1.00
2.00
14.00
4.00
22.00
10.00
11.00
4.00
22.00
49.00
16.00
3.00
51.00
24.00
31.00
1.00
40.00
6.00
6.00
3.00
21.00
14.00
23.00
22.00
3.00
13.00
73.00
2.00
59.00
6.00
49.00
40.00
13.00
3.00
199.00
5.00
1.00
63.00
52.00
7.00
11.00
5.00
20.00
1.00
1.00
13.00
1.00
4.00
4.00
1.00
1.00
12.00
3.00
12.00
1.00
2.00
5.00
1.00
3.00
5.00
11.00
5.00
2.00
31.00
2.00
6.00
15.00
2.00
1.00
1.00
1.00
2.00
17.00
17.00
7.00
1.00
2.00
7.00
5.00
9.00
22.00
1.00
82.00
16.00
46.00
9.00
24.00
1.00
7.00
6.00
1.00
10.00
16.00
7.00
12.00
1.00
110.00
9.00
1.00
2.00
2.00
1.00
48.00
42.00
2.00
1.00
46.00
3.00
64.00
3.00
3.00
1.00
1.00
15.00
5.00
23.00
24.00
2.00
19.00
26.00
1.00
1.00
1.00
6.00
29.00
1.00
2.00
7.00
19.00
15.00
2.00
6.00
3.00
8.00
5.00
3.00
2.00
1.00
3.00
15.00
8.00
14.00
15.00
13.00
13.00
11.00
1.00
4.00
15.00
33.00
5.00
1.00
1.00
2.00
1.00
55.00
8.00
10.00
1.00
3.00
5.00
6.00
49.00
2.00
12.00
7.00
35.00
6.00
10.00
19.00
31.00
8.00
104.00
3.00
122.00
23.00
4.00
7.00
132.00
30.00
67.00
20.00
9.00
12.00
4.00
50.00
3.00
42.00
4.00
1.00
23.00
7.00
7.00
5.00
9.00
1.00
6.00
14.00
8.00
37.00
64.00
2.00
26.00
2.00
29.00
6.00
38.00
15.00
6.00
1.00
28.00
33.00
13.00
52.00
4.00
72.00
2.00
3.00
15.00
9.00
4.00
16.00
1.00
6.00
33.00
60.00
25.00
26.00
1.00
1.00
60.00
6.00
112.00
9.00
63.00
42.00
2.00
3.00
5.00
1.00
19.00
1.00
2.00
1.00
38.00
3.00
1.00
19.00
41.00
6.00
9.00
12.00
10.00
16.00
36.00
13.00
1.00
19.00
3.00
1.00
2.00
12.00
1.00
1.00
20.00
2.00
1.00
1.00
44.00
2.00
1.00
5.00
5.00
28.00
1.00
2.00
16.00
3.00
58.00
8.00
9.00
54.00
15.00
7.00
19.00
7.00
3.00
7.00
69.00
2.00
44.00
1.00
2.00
155.00
106.00
8.00
84.00
2.00
8.00
1.00
60.00
11.00
6.00
36.00
1.00
1.00
1.00
1.00
45.00
43.00
1.00
7.00
17.00
32.00
1.00
30.00
44.00
25.00
8.00
1.00
9.00
46.00
2.00
1.00
1.00
1.00
4.00
5.00
54.00
2.00
3.00
44.00
1.00
27.00
1.00
2.00
2.00
2.00
4.00
5.00
1.00
2.00
41.00
101.00
39.00
1.00
4.00
35.00
47.00
1.00
1.00
2.00
1.00
19.00
71.00
17.00
3.00
25.00
21.00
44.00
5.00
58.00
88.00
10.00
1.00
16.00
33.00
51.00
7.00
4.00
2.00
3.00
1.00
17.00
6.00
2.00
48.00
1.00
13.00
2.00
3.00
17.00
10.00
8.00
25.00
2.00
2.00
17.00
18.00
8.00
14.00
16.00
25.00
20.00
22.00
1.00
43.00
2.00
70.00
1.00
22.00
9.00
1.00
2.00
2.00
16.00
9.00
43.00
8.00
23.00
26.00
28.00
11.00
1.00
1.00
49.00
11.00
17.00
1.00
18.00
13.00
72.00
7.00
55.00
2.00
27.00
34.00
1.00
13.00
3.00
1.00
4.00
14.00
26.00
1.00
9.00
1.00
1.00
1.00
1.00
6.00
8.00
29.00
1.00
1.00
5.00
7.00
6.00
11.00
6.00
1.00
35.00
1.00
5.00
46.00
7.00
12.00
1.00
11.00
5.00
26.00
26.00
28.00
2.00
3.00
2.00
13.00
4.00
8.00
51.00
9.00
15.00
1.00
4.00
31.00
7.00
12.00
42.00
2.00
1.00
16.00
22.00
51.00
12.00
21.00
33.00
19.00
7.00
69.00
1.00
11.00
2.00
37.00
39.00
1.00
1.00
71.00
14.00
41.00
1.00
1.00
12.00
12.00
71.00
3.00
4.00
26.00
1.00
18.00
1.00
1.00
1.00
1.00
9.00
20.00
1.00
10.00
9.00
1.00
9.00
1.00
20.00
3.00
13.00
2.00
5.00
14.00
61.00
61.00
1.00
3.00
2.00
14.00
2.00
32.00
2.00
14.00
2.00
5.00
85.00
44.00
18.00
1.00
43.00
10.00
180.00
2.00
51.00
2.00
19.00
19.00
19.00
18.00
31.00
14.00
3.00
117.00
66.00
46.00
14.00
2.00
2.00
7.00
30.00
8.00
9.00
3.00
6.00
3.00
5.00
1.00
1.00
4.00
11.00
15.00
9.00
10.00
35.00
1.00
24.00
8.00
3.00
3.00
17.00
11.00
11.00
29.00
21.00
8.00
20.00
46.00
24.00
3.00
13.00
29.00
1.00
2.00
3.00
2.00
79.00
21.00
11.00
9.00
25.00
15.00
8.00
21.00
77.00
2.00
49.00
52.00
11.00
94.00
18.00
1.00
10.00
24.00
7.00
6.00
10.00
1.00
15.00
1.00
2.00
12.00
1.00
10.00
9.00
2.00
3.00
12.00
3.00
50.00
14.00
29.00
7.00
1.00
4.00
5.00
5.00
2.00
2.00
15.00
34.00
19.00
21.00
1.00
59.00
7.00
5.00
5.00
2.00
72.00
32.00
1.00
1.00
68.00
35.00
6.00
9.00
15.00
132.00
2.00
54.00
100.00
6.00
17.00
24.00
1.00
5.00
19.00
2.00
1.00
1.00
78.00
2.00
4.00
15.00
1.00
11.00
4.00
18.00
37.00
6.00
7.00
53.00
12.00
59.00
10.00
1.00
39.00
22.00
13.00
1.00
1.00
18.00
33.00
4.00
12.00
16.00
7.00
28.00
5.00
2.00
58.00
1.00
21.00
2.00
21.00
24.00
11.00
19.00
20.00
4.00
9.00
1.00
1.00
1.00
17.00
98.00
24.00
1.00
4.00
42.00
35.00
19.00
55.00
123.00
35.00
30.00
50.00
26.00
2.00
3.00
10.00
35.00
1.00
10.00
19.00
7.00
3.00
1.00
6.00
3.00
3.00
21.00
12.00
24.00
3.00
1.00
1.00
1.00
1.00
38.00
2.00
39.00
2.00
16.00
10.00
12.00
10.00
22.00
8.00
55.00
1.00
29.00
5.00
1.00
25.00
28.00
3.00
3.00
5.00
24.00
2.00
32.00
1.00
2.00
7.00
18.00
2.00
1.00
1.00
7.00
10.00
1.00
4.00
133.00
11.00
27.00
2.00
36.00
2.00
18.00
38.00
57.00
171.00
1.00
30.00
30.00
31.00
104.00
2.00
1.00
29.00
9.00
2.00
23.00
14.00
11.00
2.00
1.00
3.00
35.00
3.00
5.00
11.00
2.00
17.00
1.00
10.00
8.00
24.00
21.00
1.00
5.00
34.00
1.00
8.00
10.00
19.00
16.00
3.00
4.00
1.00
2.00
31.00
19.00
8.00
2.00
3.00
28.00
6.00
16.00
10.00
22.00
40.00
8.00
33.00
95.00
132.00
31.00
2.00
78.00
1.00
11.00
72.00
1.00
44.00
5.00
1.00
43.00
73.00
1.00
1.00
3.00
9.00
1.00
13.00
36.00
4.00
76.00
12.00
1.00
28.00
3.00
10.00
11.00
1.00
41.00
10.00
7.00
5.00
1.00
1.00
27.00
32.00
5.00
1.00
13.00
1.00
29.00
5.00
4.00
93.00
12.00
9.00
7.00
26.00
30.00
1.00
2.00
26.00
6.00
9.00
69.00
52.00
7.00
8.00
35.00
12.00
50.00
34.00
60.00
109.00
3.00
30.00
2.00
34.00
3.00
1.00
11.00
6.00
18.00
17.00
1.00
1.00
5.00
14.00
34.00
18.00
73.00
26.00
3.00
3.00
29.00
1.00
3.00
9.00
6.00
14.00
2.00
42.00
29.00
21.00
1.00
9.00
47.00
7.00
6.00
4.00
7.00
23.00
11.00
2.00
22.00
14.00
17.00
1.00
6.00
16.00
24.00
3.00
47.00
21.00
21.00
1.00
1.00
1.00
1.00
16.00
2.00
39.00
57.00
5.00
35.00
8.00
1.00
7.00
36.00
9.00
1.00
1.00
1.00
1.00
1.00
58.00
10.00
9.00
62.00
2.00
15.00
12.00
7.00
9.00
19.00
44.00
7.00
13.00
7.00
10.00
5.00
1.00
20.00
3.00
12.00
5.00
7.00
39.00
4.00
3.00
19.00
4.00
1.00
5.00
84.00
28.00
31.00
52.00
2.00
2.00
3.00
21.00
4.00
1.00
3.00
156.00
1.00
44.00
2.00
3.00
2.00
20.00
3.00
8.00
62.00
21.00
1.00
1.00
233.00
19.00
10.00
1.00
7.00
2.00
9.00
10.00
8.00
1.00
4.00
4.00
3.00
2.00
3.00
17.00
4.00
17.00
2.00
4.00
30.00
28.00
53.00
31.00
18.00
11.00
3.00
2.00
5.00
1.00
34.00
9.00
3.00
12.00
1.00
46.00
38.00
41.00
6.00
14.00
2.00
21.00
1.00
1.00
15.00
24.00
39.00
18.00
5.00
43.00
4.00
13.00
25.00
5.00
8.00
70.00
7.00
18.00
53.00
2.00
60.00
1.00
165.00
1.00
1.00
27.00
2.00
3.00
3.00
27.00
44.00
6.00
12.00
19.00
1.00
19.00
1.00
5.00
21.00
3.00
6.00
10.00
12.00
26.00
53.00
1.00
8.00
5.00
7.00
5.00
25.00
29.00
6.00
4.00
6.00
9.00
5.00
7.00
7.00
8.00
25.00
6.00
6.00
1.00
9.00
108.00
55.00
19.00
40.00
3.00
50.00
25.00
44.00
58.00
3.00
31.00
7.00
24.00
51.00
23.00
44.00
55.00
29.00
1.00
2.00
1.00
6.00
16.00
13.00
23.00
1.00
1.00
1.00
1.00
1.00
3.00
33.00
15.00
2.00
2.00
39.00
1.00
17.00
6.00
17.00
16.00
6.00
26.00
8.00
1.00
2.00
14.00
4.00
21.00
30.00
4.00
23.00
12.00
2.00
20.00
28.00
13.00
8.00
1.00
4.00
48.00
2.00
1.00
9.00
61.00
5.00
10.00
1.00
1.00
8.00
30.00
43.00
6.00
7.00
1.00
1.00
2.00
2.00
1.00
39.00
7.00
43.00
112.00
13.00
1.00
1.00
1.00
2.00
17.00
2.00
61.00
65.00
33.00
4.00
88.00
36.00
1.00
9.00
26.00
5.00
1.00
49.00
1.00
6.00
1.00
4.00
1.00
1.00
2.00
7.00
2.00
31.00
1.00
21.00
3.00
12.00
20.00
17.00
1.00
8.00
2.00
1.00
19.00
1.00
1.00
32.00
4.00
3.00
1.00
2.00
15.00
60.00
5.00
4.00
1.00
8.00
6.00
2.00
1.00
7.00
52.00
2.00
90.00
3.00
45.00
32.00
2.00
53.00
17.00
15.00
3.00
1.00
7.00
9.00
17.00
1.00
20.00
87.00
17.00
64.00
1.00
1.00
3.00
38.00
4.00
51.00
1.00
3.00
1.00
2.00
26.00
1.00
5.00
10.00
3.00
9.00
1.00
2.00
13.00
3.00
50.00
9.00
54.00
43.00
19.00
49.00
5.00
24.00
1.00
1.00
4.00
1.00
53.00
2.00
2.00
1.00
9.00
5.00
15.00
6.00
6.00
48.00
3.00
54.00
1.00
1.00
2.00
116.00
6.00
1.00
24.00
37.00
135.00
1.00
26.00
20.00
6.00
15.00
4.00
34.00
43.00
3.00
5.00
2.00
25.00
38.00
1.00
4.00
2.00
1.00
17.00
8.00
2.00
1.00
3.00
1.00
25.00
1.00
1.00
8.00
5.00
2.00
7.00
3.00
46.00
7.00
3.00
9.00
17.00
4.00
17.00
19.00
30.00
2.00
9.00
63.00
2.00
2.00
26.00
3.00
9.00
33.00
30.00
1.00
27.00
38.00
19.00
29.00
53.00
52.00
6.00
113.00
33.00
11.00
18.00
5.00
42.00
20.00
5.00
63.00
6.00
56.00
1.00
60.00
3.00
4.00
4.00
3.00
2.00
2.00
7.00
3.00
8.00
13.00
13.00
40.00
6.00
1.00
9.00
7.00
9.00
2.00
1.00
4.00
1.00
14.00
6.00
1.00
37.00
11.00
4.00
17.00
35.00
9.00
3.00
3.00
8.00
7.00
14.00
1.00
6.00
2.00
60.00
9.00
29.00
45.00
11.00
5.00
7.00
14.00
4.00
33.00
22.00
2.00
15.00
2.00
24.00
29.00
1.00
6.00
19.00
32.00
9.00
84.00
2.00
1.00
4.00
86.00
10.00
47.00
1.00
23.00
1.00
13.00
47.00
1.00
2.00
3.00
5.00
30.00
15.00
5.00
2.00
7.00
2.00
3.00
2.00
2.00
1.00
3.00
19.00
20.00
1.00
27.00
8.00
7.00
2.00
3.00
10.00
7.00
5.00
1.00
2.00
51.00
1.00
1.00
4.00
1.00
7.00
1.00
9.00
23.00
1.00
6.00
16.00
2.00
2.00
12.00
3.00
38.00
29.00
12.00
22.00
25.00
25.00
1.00
73.00
10.00
1.00
35.00
1.00
15.00
86.00
13.00
5.00
1.00
3.00
17.00
58.00
33.00
6.00
1.00
10.00
1.00
1.00
5.00
46.00
12.00
7.00
159.00
8.00
1.00
3.00
3.00
25.00
1.00
1.00
1.00
3.00
5.00
29.00
23.00
7.00
15.00
8.00
32.00
1.00
5.00
13.00
5.00
18.00
16.00
5.00
3.00
1.00
2.00
24.00
1.00
1.00
1.00
5.00
3.00
1.00
1.00
9.00
47.00
1.00
1.00
7.00
18.00
2.00
9.00
7.00
4.00
2.00
1.00
26.00
2.00
13.00
15.00
12.00
22.00
1.00
16.00
1.00
22.00
1.00
18.00
33.00
35.00
2.00
143.00
11.00
15.00
129.00
35.00
10.00
21.00
12.00
2.00
82.00
10.00
3.00
2.00
13.00
5.00
2.00
10.00
22.00
9.00
1.00
9.00
18.00
2.00
4.00
2.00
20.00
6.00
5.00
3.00
1.00
12.00
15.00
34.00
27.00
10.00
4.00
9.00
5.00
9.00
5.00
30.00
2.00
1.00
1.00
11.00
1.00
10.00
56.00
9.00
25.00
25.00
2.00
1.00
6.00
23.00
45.00
8.00
69.00
3.00
51.00
1.00
15.00
2.00
33.00
107.00
23.00
12.00
1.00
7.00
3.00
110.00
3.00
1.00
73.00
2.00
16.00
1.00
13.00
1.00
36.00
2.00
1.00
7.00
48.00
17.00
2.00
3.00
5.00
5.00
3.00
1.00
2.00
49.00
8.00
1.00
3.00
11.00
1.00
1.00
55.00
78.00
8.00
4.00
2.00
3.00
2.00
2.00
7.00
35.00
1.00
24.00
6.00
1.00
37.00
2.00
2.00
80.00
19.00
3.00
58.00
7.00
7.00
47.00
3.00
28.00
56.00
3.00
1.00
6.00
53.00
1.00
145.00
1.00
41.00
48.00
39.00
1.00
9.00
1.00
8.00
7.00
30.00
4.00
2.00
69.00
5.00
1.00
3.00
1.00
4.00
9.00
15.00
17.00
30.00
4.00
6.00
12.00
1.00
6.00
6.00
9.00
1.00
3.00
8.00
2.00
3.00
18.00
14.00
6.00
61.00
3.00
2.00
7.00
8.00
5.00
1.00
2.00
1.00
15.00
43.00
6.00
11.00
1.00
2.00
50.00
8.00
90.00
87.00
1.00
4.00
1.00
13.00
3.00
8.00
18.00
1.00
16.00
57.00
1.00
49.00
1.00
3.00
16.00
1.00
1.00
1.00
10.00
1.00
7.00
2.00
17.00
15.00
18.00
1.00
1.00
1.00
24.00
1.00
26.00
7.00
4.00
1.00
5.00
1.00
33.00
1.00
1.00
27.00
1.00
27.00
3.00
7.00
40.00
12.00
8.00
1.00
2.00
