77
76
24
29
37
12
17
5
28
44
29
68
40
12
27
48
18
6
26
0
11
20
61
46
73
46
9
63
37
23
11
26
36
53
68
53
40
43
34
23
9
1
16
13
28
23
69
28
22
20
12
36
11
22
3
7
34
24
33
47
89
49
27
36
15
0
1
17
23
31
45
25
44
20
48
9
13
14
11
9
42
33
57
57
30
26
10
29
25
18
3
26
64
48
73
39
37
46
55
39
18
9
24
9
35
45
66
54
4
52
30
16
11
2
11
7
28
37
70
30
41
38
20
8
40
3
4
27
44
29
85
27
24
19
13
2
18
13
12
48
18
12
30
26
42
20
2
36
9
3
13
20
23
30
35
31
38
58
6
11
6
0
20
17
36
60
51
56
42
68
28
12
11
12
12
29
24
44
8
43
61
64
15
23
38
14
9
3
51
41
49
20
53
31
33
35
11
29
18
43
10
54
49
41
69
16
35
15
6
17
8
0
31
61
17
51
57
22
30
16
24
5
6
5
22
31
50
38
44
41
12
28
7
20
7
14
37
29
30
29
40
53
34
42
24
4
40
16
5
42
45
52
48
21
45
2
36
50
8
32
31
68
53
18
22
49
59
10
11
3
11
17
37
60
56
44
37
34
22
19
4
6
22
8
26
36
41
48
31
30
21
51
14
4
17
19
37
89
44
68
38
32
16
14
47
17
14
4
38
33
34
51
73
55
20
7
5
0
21
17
51
77
30
54
44
35
51
28
21
13
17
9
57
38
57
31
48
30
25
32
15
32
9
8
18
27
47
63
83
40
80
45
7
14
50
8
43
45
29
44
