21.00
39.00
1.00
2.00
8.00
78.00
1.00
2.00
18.00
80.00
65.00
625.00
74.00
3.00
90.00
35.00
84.00
7.00
40.00
5.00
40.00
168.00
1.00
43.00
66.00
34.00
57.00
4.00
196.00
3.00
5.00
3.00
63.00
323.00
3.00
1.00
57.00
35.00
152.00
7.00
59.00
6.00
18.00
47.00
3.00
10.00
26.00
22.00
3.00
18.00
41.00
349.00
13.00
46.00
27.00
14.00
2.00
465.00
3.00
3.00
37.00
9.00
3.00
8.00
3.00
85.00
55.00
6.00
198.00
43.00
44.00
11.00
23.00
40.00
4.00
52.00
4.00
2.00
4.00
5.00
49.00
1.00
1.00
1.00
10.00
1.00
70.00
33.00
3.00
14.00
93.00
7.00
223.00
35.00
51.00
2.00
126.00
165.00
5.00
8.00
8.00
9.00
41.00
28.00
9.00
1.00
7.00
12.00
5.00
5.00
87.00
4.00
47.00
12.00
50.00
10.00
19.00
12.00
9.00
21.00
7.00
137.00
9.00
545.00
12.00
3.00
4.00
2.00
5.00
4.00
70.00
5.00
95.00
21.00
2.00
19.00
14.00
24.00
2.00
2.00
10.00
12.00
1.00
60.00
54.00
12.00
35.00
13.00
1.00
2.00
44.00
4.00
24.00
11.00
83.00
1.00
256.00
294.00
62.00
345.00
75.00
2.00
15.00
58.00
60.00
39.00
1.00
69.00
33.00
3.00
92.00
8.00
183.00
401.00
5.00
219.00
47.00
49.00
58.00
3.00
25.00
27.00
6.00
3.00
15.00
41.00
14.00
15.00
126.00
37.00
10.00
40.00
3.00
2.00
1.00
10.00
3.00
26.00
107.00
1.00
332.00
2.00
238.00
17.00
101.00
11.00
9.00
14.00
4.00
1.00
96.00
25.00
17.00
9.00
23.00
11.00
23.00
58.00
94.00
13.00
10.00
51.00
5.00
66.00
25.00
4.00
1.00
64.00
83.00
11.00
233.00
13.00
3.00
21.00
17.00
3.00
1.00
114.00
65.00
137.00
26.00
97.00
52.00
61.00
1.00
53.00
118.00
3.00
84.00
83.00
3.00
4.00
30.00
1.00
86.00
3.00
82.00
8.00
12.00
235.00
9.00
22.00
140.00
21.00
8.00
45.00
72.00
113.00
7.00
1.00
10.00
37.00
4.00
62.00
1.00
143.00
1.00
12.00
11.00
6.00
1.00
28.00
257.00
31.00
378.00
13.00
117.00
69.00
106.00
7.00
24.00
4.00
41.00
1.00
16.00
33.00
3.00
28.00
81.00
80.00
69.00
9.00
106.00
5.00
19.00
4.00
44.00
213.00
3.00
390.00
32.00
5.00
166.00
1.00
5.00
35.00
48.00
49.00
17.00
22.00
2.00
71.00
192.00
17.00
7.00
2.00
72.00
48.00
12.00
64.00
14.00
252.00
237.00
1.00
92.00
88.00
1.00
25.00
13.00
6.00
16.00
1.00
4.00
3.00
74.00
6.00
88.00
4.00
68.00
49.00
49.00
38.00
14.00
2.00
2.00
4.00
56.00
93.00
36.00
247.00
156.00
3.00
23.00
1.00
141.00
216.00
116.00
3.00
13.00
40.00
67.00
1.00
1.00
23.00
3.00
22.00
29.00
26.00
10.00
81.00
34.00
86.00
167.00
2.00
91.00
1.00
179.00
37.00
182.00
19.00
5.00
21.00
52.00
130.00
2.00
13.00
2.00
61.00
11.00
1.00
45.00
40.00
35.00
35.00
6.00
1.00
5.00
5.00
15.00
97.00
2.00
7.00
551.00
11.00
3.00
17.00
26.00
207.00
17.00
66.00
3.00
2.00
57.00
9.00
14.00
98.00
9.00
90.00
9.00
9.00
2.00
35.00
86.00
306.00
68.00
254.00
15.00
75.00
342.00
17.00
80.00
29.00
4.00
20.00
8.00
47.00
5.00
19.00
43.00
7.00
34.00
1.00
12.00
116.00
12.00
119.00
107.00
207.00
50.00
40.00
48.00
46.00
2.00
3.00
17.00
53.00
9.00
35.00
106.00
98.00
4.00
154.00
2.00
6.00
23.00
46.00
1.00
59.00
23.00
28.00
28.00
49.00
8.00
117.00
388.00
143.00
49.00
6.00
58.00
55.00
1.00
9.00
20.00
139.00
4.00
8.00
12.00
43.00
15.00
68.00
1.00
64.00
90.00
31.00
55.00
60.00
3.00
66.00
106.00
26.00
17.00
17.00
167.00
26.00
11.00
102.00
12.00
5.00
31.00
62.00
23.00
4.00
8.00
11.00
13.00
73.00
17.00
35.00
6.00
5.00
4.00
9.00
1.00
1.00
40.00
6.00
25.00
59.00
3.00
67.00
186.00
294.00
96.00
22.00
29.00
98.00
133.00
91.00
24.00
105.00
60.00
65.00
1.00
207.00
96.00
430.00
82.00
243.00
40.00
23.00
30.00
108.00
2.00
10.00
27.00
27.00
6.00
30.00
57.00
2.00
5.00
19.00
10.00
31.00
1.00
2.00
2.00
6.00
6.00
76.00
3.00
6.00
51.00
7.00
69.00
131.00
110.00
365.00
47.00
92.00
29.00
52.00
3.00
57.00
14.00
3.00
39.00
1.00
33.00
8.00
15.00
6.00
44.00
38.00
141.00
53.00
21.00
98.00
326.00
164.00
115.00
13.00
2.00
21.00
13.00
43.00
53.00
45.00
10.00
11.00
1.00
35.00
156.00
4.00
86.00
10.00
21.00
17.00
48.00
74.00
121.00
44.00
8.00
363.00
73.00
3.00
142.00
36.00
1.00
104.00
34.00
145.00
82.00
3.00
2.00
139.00
3.00
32.00
395.00
7.00
36.00
169.00
127.00
4.00
90.00
72.00
3.00
10.00
3.00
41.00
12.00
57.00
174.00
2.00
4.00
19.00
1.00
7.00
24.00
15.00
5.00
46.00
8.00
38.00
13.00
3.00
62.00
15.00
20.00
100.00
518.00
8.00
5.00
106.00
48.00
102.00
119.00
40.00
6.00
54.00
2.00
10.00
1.00
2.00
46.00
42.00
110.00
489.00
1.00
11.00
2.00
71.00
13.00
1.00
30.00
3.00
97.00
36.00
27.00
47.00
10.00
25.00
225.00
48.00
5.00
9.00
152.00
4.00
26.00
37.00
28.00
110.00
83.00
96.00
1.00
1.00
214.00
116.00
43.00
1.00
18.00
7.00
39.00
70.00
34.00
10.00
1.00
8.00
1.00
5.00
22.00
20.00
79.00
9.00
1.00
94.00
2.00
109.00
86.00
2.00
6.00
1.00
1.00
7.00
84.00
179.00
3.00
2.00
69.00
67.00
44.00
1.00
52.00
6.00
12.00
234.00
22.00
124.00
3.00
50.00
2.00
