2.00
1.00
30.00
8.00
8.00
1.00
56.00
8.00
3.00
1.00
100.00
62.00
20.00
62.00
98.00
1.00
74.00
8.00
121.00
86.00
98.00
23.00
69.00
1.00
1.00
40.00
3.00
3.00
35.00
32.00
73.00
1.00
7.00
25.00
9.00
5.00
7.00
31.00
1.00
20.00
1.00
1.00
2.00
98.00
19.00
2.00
2.00
17.00
3.00
51.00
9.00
16.00
2.00
1.00
50.00
4.00
4.00
14.00
25.00
76.00
15.00
3.00
38.00
5.00
59.00
1.00
22.00
19.00
127.00
2.00
58.00
75.00
2.00
4.00
18.00
33.00
1.00
33.00
40.00
64.00
31.00
47.00
5.00
1.00
7.00
2.00
1.00
1.00
2.00
4.00
3.00
5.00
35.00
9.00
20.00
17.00
3.00
14.00
37.00
19.00
26.00
2.00
38.00
202.00
1.00
31.00
4.00
43.00
18.00
13.00
37.00
3.00
198.00
10.00
25.00
1.00
1.00
12.00
157.00
16.00
41.00
3.00
6.00
3.00
8.00
4.00
2.00
4.00
1.00
45.00
42.00
1.00
2.00
4.00
1.00
17.00
46.00
4.00
1.00
1.00
25.00
1.00
1.00
1.00
1.00
65.00
1.00
43.00
1.00
28.00
9.00
10.00
21.00
42.00
4.00
51.00
1.00
1.00
5.00
6.00
46.00
2.00
1.00
8.00
1.00
1.00
3.00
5.00
51.00
30.00
6.00
13.00
1.00
29.00
36.00
1.00
11.00
188.00
2.00
2.00
1.00
88.00
2.00
31.00
79.00
1.00
3.00
35.00
1.00
1.00
19.00
45.00
31.00
3.00
9.00
4.00
1.00
3.00
15.00
3.00
26.00
21.00
1.00
9.00
3.00
9.00
4.00
4.00
1.00
52.00
25.00
1.00
52.00
4.00
35.00
7.00
20.00
2.00
33.00
5.00
53.00
83.00
5.00
9.00
48.00
341.00
3.00
10.00
109.00
15.00
12.00
6.00
4.00
1.00
38.00
30.00
5.00
92.00
26.00
4.00
3.00
25.00
3.00
10.00
13.00
1.00
13.00
45.00
9.00
9.00
13.00
8.00
10.00
32.00
14.00
1.00
1.00
34.00
3.00
2.00
15.00
1.00
9.00
35.00
19.00
22.00
14.00
70.00
9.00
91.00
6.00
7.00
1.00
41.00
181.00
38.00
49.00
4.00
1.00
1.00
32.00
2.00
8.00
168.00
53.00
48.00
1.00
1.00
29.00
1.00
27.00
10.00
53.00
3.00
19.00
14.00
5.00
12.00
1.00
9.00
9.00
39.00
3.00
15.00
11.00
1.00
54.00
1.00
26.00
3.00
1.00
37.00
10.00
3.00
22.00
2.00
5.00
11.00
70.00
94.00
46.00
85.00
134.00
3.00
1.00
82.00
13.00
10.00
7.00
165.00
8.00
2.00
1.00
25.00
3.00
1.00
5.00
28.00
2.00
12.00
30.00
27.00
3.00
28.00
20.00
19.00
3.00
6.00
3.00
5.00
4.00
1.00
41.00
14.00
8.00
27.00
26.00
11.00
52.00
7.00
21.00
1.00
8.00
43.00
1.00
7.00
10.00
14.00
76.00
10.00
11.00
150.00
12.00
1.00
2.00
156.00
23.00
102.00
19.00
79.00
11.00
31.00
1.00
1.00
50.00
1.00
7.00
4.00
8.00
62.00
28.00
7.00
5.00
14.00
6.00
26.00
6.00
4.00
8.00
4.00
10.00
18.00
25.00
2.00
89.00
4.00
8.00
13.00
51.00
2.00
2.00
22.00
29.00
20.00
2.00
1.00
3.00
30.00
16.00
31.00
44.00
8.00
2.00
52.00
177.00
18.00
3.00
1.00
5.00
1.00
17.00
3.00
113.00
1.00
3.00
18.00
34.00
3.00
33.00
17.00
7.00
2.00
66.00
24.00
19.00
61.00
8.00
7.00
2.00
18.00
1.00
22.00
1.00
2.00
18.00
169.00
4.00
48.00
19.00
77.00
11.00
18.00
1.00
81.00
1.00
78.00
6.00
9.00
40.00
174.00
17.00
6.00
10.00
17.00
11.00
95.00
16.00
19.00
1.00
31.00
57.00
5.00
5.00
15.00
63.00
18.00
4.00
1.00
10.00
23.00
29.00
24.00
2.00
49.00
78.00
12.00
8.00
1.00
2.00
23.00
1.00
1.00
16.00
69.00
39.00
12.00
4.00
22.00
63.00
18.00
1.00
8.00
2.00
11.00
36.00
4.00
1.00
88.00
2.00
2.00
218.00
5.00
1.00
1.00
2.00
65.00
22.00
12.00
12.00
27.00
26.00
32.00
24.00
46.00
20.00
2.00
3.00
42.00
11.00
6.00
19.00
2.00
7.00
6.00
1.00
4.00
42.00
32.00
80.00
65.00
10.00
8.00
46.00
22.00
17.00
4.00
6.00
18.00
44.00
1.00
1.00
75.00
16.00
45.00
63.00
11.00
104.00
39.00
27.00
33.00
7.00
135.00
32.00
82.00
1.00
78.00
5.00
30.00
37.00
51.00
20.00
16.00
3.00
2.00
63.00
65.00
1.00
2.00
45.00
57.00
4.00
7.00
52.00
15.00
39.00
2.00
59.00
12.00
25.00
22.00
188.00
2.00
52.00
8.00
37.00
50.00
88.00
4.00
48.00
33.00
24.00
62.00
26.00
7.00
4.00
7.00
1.00
1.00
4.00
41.00
12.00
16.00
6.00
45.00
29.00
64.00
2.00
41.00
22.00
20.00
9.00
25.00
2.00
12.00
3.00
2.00
45.00
2.00
16.00
65.00
30.00
97.00
130.00
9.00
2.00
1.00
6.00
4.00
134.00
1.00
1.00
19.00
43.00
1.00
32.00
1.00
35.00
5.00
14.00
37.00
12.00
36.00
22.00
2.00
16.00
35.00
16.00
27.00
41.00
16.00
10.00
4.00
11.00
31.00
33.00
7.00
12.00
1.00
1.00
23.00
4.00
20.00
28.00
36.00
3.00
79.00
1.00
1.00
26.00
6.00
34.00
1.00
27.00
48.00
59.00
57.00
6.00
57.00
12.00
5.00
3.00
1.00
1.00
15.00
346.00
21.00
2.00
7.00
2.00
4.00
1.00
1.00
16.00
81.00
63.00
11.00
3.00
13.00
1.00
58.00
10.00
46.00
12.00
20.00
28.00
31.00
2.00
3.00
2.00
10.00
6.00
66.00
1.00
1.00
2.00
3.00
117.00
50.00
29.00
5.00
146.00
172.00
5.00
1.00
2.00
3.00
1.00
1.00
23.00
44.00
91.00
73.00
18.00
66.00
3.00
4.00
56.00
8.00
10.00
85.00
8.00
19.00
62.00
11.00
10.00
2.00
6.00
23.00
11.00
13.00
6.00
36.00
16.00
89.00
114.00
82.00
3.00
151.00
40.00
4.00
122.00
8.00
2.00
55.00
13.00
46.00
132.00
77.00
14.00
22.00
24.00
1.00
7.00
8.00
60.00
4.00
6.00
2.00
16.00
5.00
3.00
21.00
4.00
44.00
5.00
62.00
6.00
28.00
2.00
9.00
1.00
113.00
7.00
226.00
1.00
1.00
1.00
11.00
69.00
18.00
87.00
46.00
39.00
14.00
6.00
8.00
19.00
2.00
21.00
1.00
2.00
15.00
56.00
20.00
1.00
14.00
2.00
46.00
28.00
3.00
1.00
63.00
2.00
31.00
4.00
37.00
10.00
51.00
1.00
28.00
2.00
1.00
21.00
42.00
41.00
9.00
18.00
18.00
23.00
29.00
6.00
5.00
76.00
32.00
143.00
17.00
47.00
162.00
1.00
16.00
15.00
29.00
40.00
36.00
2.00
6.00
18.00
2.00
16.00
42.00
47.00
1.00
20.00
21.00
16.00
45.00
18.00
15.00
5.00
11.00
56.00
3.00
5.00
68.00
1.00
7.00
57.00
79.00
23.00
29.00
26.00
22.00
13.00
12.00
49.00
100.00
2.00
24.00
2.00
3.00
16.00
1.00
2.00
148.00
2.00
30.00
5.00
1.00
79.00
12.00
10.00
3.00
18.00
26.00
31.00
4.00
9.00
4.00
7.00
9.00
4.00
30.00
34.00
17.00
1.00
13.00
20.00
5.00
12.00
5.00
40.00
5.00
23.00
2.00
2.00
2.00
18.00
14.00
34.00
26.00
9.00
132.00
29.00
33.00
9.00
54.00
173.00
80.00
1.00
12.00
19.00
12.00
5.00
2.00
65.00
35.00
13.00
36.00
60.00
11.00
25.00
47.00
4.00
3.00
2.00
24.00
28.00
37.00
5.00
58.00
54.00
1.00
2.00
1.00
3.00
158.00
2.00
39.00
18.00
1.00
3.00
17.00
31.00
24.00
2.00
3.00
1.00
3.00
48.00
18.00
257.00
5.00
119.00
20.00
177.00
2.00
8.00
8.00
23.00
27.00
1.00
3.00
39.00
1.00
38.00
9.00
28.00
27.00
6.00
31.00
8.00
19.00
23.00
3.00
4.00
17.00
9.00
29.00
1.00
3.00
2.00
6.00
55.00
13.00
6.00
9.00
39.00
3.00
44.00
1.00
9.00
1.00
66.00
54.00
2.00
98.00
28.00
1.00
3.00
102.00
22.00
9.00
2.00
58.00
35.00
73.00
42.00
85.00
20.00
1.00
1.00
47.00
3.00
28.00
10.00
9.00
11.00
39.00
1.00
31.00
4.00
15.00
5.00
39.00
3.00
175.00
18.00
29.00
5.00
2.00
30.00
45.00
14.00
178.00
1.00
3.00
1.00
129.00
48.00
120.00
74.00
8.00
25.00
10.00
34.00
1.00
13.00
28.00
41.00
8.00
3.00
46.00
4.00
1.00
2.00
29.00
1.00
25.00
47.00
43.00
25.00
23.00
68.00
9.00
15.00
15.00
45.00
40.00
28.00
5.00
23.00
8.00
63.00
1.00
44.00
102.00
193.00
23.00
1.00
5.00
1.00
3.00
2.00
15.00
22.00
13.00
1.00
6.00
3.00
1.00
3.00
2.00
11.00
66.00
62.00
36.00
23.00
29.00
40.00
11.00
2.00
7.00
8.00
65.00
18.00
58.00
21.00
15.00
44.00
3.00
1.00
2.00
17.00
1.00
69.00
23.00
3.00
31.00
34.00
28.00
58.00
34.00
3.00
150.00
40.00
3.00
4.00
16.00
7.00
4.00
22.00
113.00
15.00
1.00
5.00
1.00
2.00
16.00
1.00
74.00
34.00
1.00
3.00
81.00
41.00
29.00
2.00
5.00
31.00
2.00
3.00
44.00
81.00
52.00
7.00
24.00
3.00
17.00
3.00
6.00
5.00
2.00
15.00
14.00
6.00
1.00
18.00
1.00
18.00
5.00
34.00
1.00
3.00
28.00
2.00
1.00
17.00
3.00
12.00
16.00
1.00
94.00
2.00
237.00
35.00
23.00
4.00
3.00
34.00
8.00
38.00
55.00
28.00
1.00
5.00
6.00
2.00
1.00
6.00
53.00
37.00
3.00
39.00
99.00
1.00
34.00
82.00
38.00
5.00
1.00
34.00
14.00
2.00
6.00
2.00
2.00
19.00
25.00
39.00
110.00
1.00
59.00
21.00
193.00
105.00
52.00
1.00
39.00
11.00
69.00
13.00
1.00
26.00
12.00
1.00
58.00
10.00
39.00
22.00
36.00
3.00
1.00
14.00
4.00
156.00
23.00
2.00
9.00
6.00
5.00
21.00
8.00
5.00
7.00
33.00
87.00
6.00
1.00
1.00
23.00
1.00
15.00
5.00
19.00
48.00
1.00
52.00
69.00
3.00
1.00
46.00
33.00
7.00
1.00
1.00
2.00
256.00
3.00
1.00
57.00
1.00
42.00
5.00
16.00
7.00
40.00
13.00
6.00
20.00
10.00
9.00
14.00
13.00
1.00
8.00
5.00
14.00
7.00
1.00
27.00
11.00
33.00
7.00
63.00
21.00
2.00
103.00
3.00
1.00
12.00
64.00
6.00
1.00
4.00
31.00
9.00
23.00
2.00
3.00
3.00
3.00
68.00
1.00
1.00
83.00
1.00
92.00
41.00
40.00
42.00
1.00
2.00
2.00
3.00
20.00
51.00
7.00
28.00
78.00
27.00
5.00
3.00
1.00
1.00
8.00
6.00
30.00
48.00
16.00
9.00
3.00
4.00
23.00
2.00
17.00
