19.00
1.00
1.00
1.00
1.00
5.00
4.00
4.00
2.00
10.00
14.00
12.00
1.00
7.00
3.00
19.00
53.00
39.00
1.00
22.00
37.00
11.00
76.00
27.00
15.00
25.00
46.00
125.00
9.00
200.00
76.00
1.00
32.00
86.00
9.00
1.00
12.00
91.00
5.00
4.00
10.00
74.00
23.00
5.00
6.00
23.00
14.00
14.00
110.00
54.00
29.00
31.00
42.00
12.00
34.00
17.00
29.00
49.00
73.00
1.00
58.00
99.00
1.00
16.00
1.00
3.00
279.00
104.00
3.00
3.00
17.00
4.00
10.00
4.00
27.00
28.00
3.00
19.00
40.00
1.00
35.00
7.00
1.00
19.00
47.00
3.00
1.00
1.00
3.00
5.00
9.00
2.00
9.00
22.00
37.00
58.00
2.00
55.00
41.00
9.00
10.00
1.00
13.00
19.00
18.00
17.00
17.00
109.00
9.00
9.00
3.00
1.00
101.00
73.00
42.00
3.00
14.00
1.00
5.00
16.00
1.00
1.00
23.00
1.00
1.00
1.00
43.00
18.00
36.00
4.00
38.00
7.00
3.00
59.00
13.00
7.00
53.00
5.00
19.00
9.00
47.00
16.00
30.00
60.00
1.00
1.00
59.00
24.00
25.00
51.00
21.00
6.00
35.00
6.00
10.00
5.00
55.00
1.00
9.00
272.00
7.00
1.00
133.00
34.00
71.00
1.00
52.00
117.00
1.00
2.00
32.00
6.00
11.00
1.00
36.00
5.00
25.00
2.00
37.00
65.00
38.00
9.00
27.00
8.00
40.00
6.00
1.00
11.00
1.00
62.00
1.00
10.00
62.00
87.00
2.00
20.00
47.00
127.00
1.00
151.00
16.00
169.00
1.00
7.00
2.00
14.00
23.00
42.00
88.00
13.00
31.00
61.00
19.00
2.00
1.00
2.00
21.00
1.00
6.00
11.00
2.00
1.00
1.00
44.00
1.00
2.00
6.00
6.00
21.00
28.00
1.00
2.00
3.00
16.00
1.00
4.00
69.00
3.00
9.00
56.00
15.00
37.00
8.00
145.00
1.00
115.00
39.00
111.00
92.00
9.00
60.00
27.00
62.00
45.00
55.00
15.00
7.00
4.00
4.00
44.00
3.00
34.00
2.00
23.00
1.00
18.00
28.00
9.00
11.00
49.00
3.00
1.00
1.00
1.00
17.00
53.00
3.00
52.00
41.00
1.00
1.00
3.00
3.00
17.00
142.00
2.00
39.00
1.00
4.00
87.00
1.00
6.00
372.00
2.00
20.00
1.00
32.00
33.00
55.00
21.00
1.00
34.00
5.00
48.00
4.00
16.00
1.00
1.00
17.00
10.00
2.00
3.00
5.00
25.00
2.00
1.00
2.00
40.00
8.00
16.00
16.00
21.00
4.00
46.00
3.00
39.00
105.00
26.00
17.00
75.00
64.00
59.00
36.00
31.00
2.00
126.00
48.00
1.00
9.00
16.00
59.00
3.00
20.00
29.00
1.00
9.00
17.00
3.00
21.00
49.00
25.00
26.00
13.00
41.00
64.00
5.00
7.00
25.00
10.00
1.00
53.00
3.00
40.00
3.00
12.00
1.00
13.00
1.00
8.00
4.00
50.00
12.00
16.00
20.00
2.00
4.00
39.00
13.00
53.00
20.00
26.00
64.00
89.00
96.00
50.00
47.00
45.00
38.00
19.00
5.00
35.00
33.00
43.00
18.00
2.00
56.00
26.00
67.00
11.00
6.00
24.00
8.00
15.00
1.00
8.00
12.00
59.00
3.00
53.00
1.00
1.00
2.00
1.00
1.00
7.00
54.00
4.00
4.00
9.00
4.00
1.00
5.00
89.00
1.00
50.00
18.00
7.00
56.00
2.00
21.00
241.00
34.00
76.00
120.00
8.00
61.00
22.00
74.00
1.00
5.00
7.00
2.00
34.00
1.00
7.00
22.00
1.00
24.00
1.00
19.00
4.00
12.00
35.00
95.00
39.00
4.00
47.00
66.00
2.00
7.00
67.00
49.00
1.00
3.00
126.00
47.00
22.00
66.00
269.00
21.00
13.00
40.00
33.00
7.00
7.00
33.00
3.00
56.00
14.00
2.00
29.00
19.00
1.00
3.00
2.00
3.00
24.00
6.00
52.00
19.00
84.00
5.00
19.00
4.00
56.00
50.00
72.00
34.00
9.00
163.00
1.00
154.00
7.00
48.00
2.00
118.00
4.00
1.00
1.00
19.00
35.00
8.00
43.00
1.00
6.00
53.00
75.00
8.00
44.00
7.00
21.00
16.00
1.00
84.00
17.00
8.00
30.00
10.00
83.00
1.00
57.00
187.00
29.00
1.00
3.00
4.00
163.00
104.00
31.00
109.00
31.00
1.00
44.00
7.00
140.00
1.00
82.00
26.00
1.00
33.00
22.00
7.00
8.00
56.00
31.00
4.00
5.00
2.00
27.00
33.00
6.00
24.00
5.00
2.00
34.00
13.00
41.00
14.00
9.00
9.00
3.00
3.00
120.00
26.00
140.00
325.00
121.00
127.00
1.00
13.00
43.00
4.00
28.00
1.00
20.00
18.00
1.00
9.00
1.00
12.00
14.00
18.00
21.00
5.00
7.00
34.00
68.00
1.00
18.00
4.00
5.00
1.00
4.00
3.00
20.00
21.00
6.00
8.00
30.00
2.00
6.00
1.00
6.00
11.00
5.00
21.00
42.00
2.00
2.00
2.00
31.00
105.00
129.00
115.00
5.00
35.00
43.00
6.00
1.00
1.00
47.00
44.00
72.00
14.00
32.00
3.00
28.00
1.00
3.00
2.00
73.00
12.00
70.00
56.00
2.00
14.00
11.00
2.00
4.00
12.00
32.00
30.00
11.00
1.00
26.00
41.00
4.00
1.00
1.00
92.00
18.00
17.00
59.00
9.00
2.00
26.00
1.00
14.00
145.00
6.00
62.00
1.00
1.00
82.00
1.00
1.00
54.00
1.00
43.00
5.00
71.00
4.00
28.00
1.00
1.00
43.00
1.00
19.00
14.00
42.00
83.00
18.00
1.00
66.00
6.00
21.00
2.00
2.00
38.00
3.00
22.00
12.00
77.00
26.00
1.00
9.00
48.00
6.00
2.00
6.00
5.00
7.00
29.00
11.00
2.00
1.00
21.00
52.00
95.00
93.00
2.00
93.00
112.00
8.00
15.00
3.00
1.00
1.00
42.00
13.00
82.00
9.00
3.00
12.00
11.00
2.00
19.00
1.00
51.00
7.00
15.00
3.00
1.00
15.00
21.00
5.00
2.00
33.00
32.00
41.00
5.00
3.00
27.00
12.00
15.00
78.00
78.00
57.00
31.00
6.00
1.00
2.00
113.00
44.00
83.00
1.00
96.00
51.00
192.00
42.00
5.00
9.00
10.00
10.00
4.00
22.00
2.00
2.00
26.00
68.00
88.00
32.00
10.00
19.00
5.00
2.00
5.00
47.00
1.00
3.00
12.00
89.00
56.00
18.00
27.00
22.00
27.00
60.00
6.00
4.00
45.00
25.00
145.00
60.00
78.00
102.00
1.00
7.00
3.00
1.00
3.00
18.00
1.00
3.00
2.00
25.00
49.00
45.00
51.00
30.00
17.00
29.00
18.00
27.00
67.00
4.00
9.00
3.00
4.00
24.00
42.00
5.00
5.00
9.00
7.00
5.00
7.00
10.00
29.00
9.00
9.00
1.00
124.00
59.00
18.00
46.00
4.00
2.00
3.00
1.00
51.00
129.00
4.00
82.00
2.00
2.00
68.00
2.00
38.00
6.00
52.00
44.00
5.00
15.00
16.00
7.00
9.00
5.00
43.00
2.00
1.00
129.00
35.00
4.00
4.00
14.00
4.00
26.00
30.00
1.00
1.00
29.00
70.00
12.00
7.00
1.00
2.00
48.00
1.00
2.00
9.00
66.00
1.00
5.00
13.00
1.00
1.00
8.00
37.00
2.00
41.00
6.00
1.00
9.00
67.00
11.00
50.00
93.00
40.00
7.00
32.00
9.00
60.00
6.00
98.00
1.00
1.00
12.00
54.00
15.00
1.00
40.00
1.00
40.00
5.00
1.00
55.00
34.00
8.00
67.00
40.00
21.00
10.00
5.00
3.00
17.00
33.00
1.00
4.00
2.00
2.00
75.00
7.00
2.00
4.00
7.00
2.00
5.00
2.00
10.00
51.00
2.00
77.00
12.00
1.00
53.00
113.00
2.00
19.00
1.00
21.00
5.00
4.00
1.00
1.00
18.00
19.00
3.00
202.00
16.00
99.00
1.00
1.00
1.00
6.00
21.00
1.00
3.00
6.00
16.00
18.00
8.00
8.00
6.00
12.00
2.00
8.00
66.00
61.00
65.00
49.00
5.00
27.00
1.00
10.00
2.00
46.00
2.00
9.00
4.00
16.00
41.00
11.00
9.00
54.00
56.00
165.00
153.00
53.00
87.00
41.00
9.00
6.00
25.00
34.00
1.00
1.00
17.00
7.00
34.00
1.00
7.00
1.00
8.00
17.00
5.00
73.00
14.00
6.00
11.00
54.00
5.00
31.00
1.00
9.00
62.00
1.00
2.00
25.00
6.00
56.00
30.00
4.00
30.00
99.00
52.00
4.00
60.00
148.00
7.00
32.00
193.00
16.00
1.00
4.00
91.00
30.00
48.00
3.00
10.00
6.00
2.00
19.00
34.00
6.00
41.00
54.00
31.00
11.00
4.00
64.00
73.00
5.00
1.00
3.00
3.00
40.00
45.00
20.00
8.00
22.00
33.00
27.00
54.00
2.00
34.00
21.00
1.00
23.00
44.00
7.00
22.00
62.00
143.00
1.00
1.00
52.00
50.00
8.00
39.00
16.00
6.00
2.00
17.00
39.00
18.00
28.00
2.00
8.00
9.00
15.00
1.00
20.00
7.00
20.00
9.00
2.00
1.00
62.00
1.00
13.00
39.00
2.00
6.00
6.00
25.00
17.00
1.00
36.00
91.00
6.00
22.00
109.00
53.00
18.00
1.00
97.00
1.00
55.00
1.00
1.00
106.00
21.00
71.00
5.00
113.00
36.00
45.00
29.00
1.00
33.00
37.00
65.00
44.00
23.00
26.00
12.00
4.00
1.00
13.00
47.00
1.00
1.00
7.00
9.00
9.00
1.00
10.00
12.00
52.00
7.00
12.00
14.00
16.00
94.00
232.00
15.00
163.00
104.00
65.00
22.00
37.00
36.00
17.00
1.00
12.00
57.00
1.00
7.00
1.00
11.00
13.00
4.00
54.00
27.00
14.00
9.00
13.00
2.00
5.00
4.00
10.00
5.00
35.00
9.00
19.00
17.00
56.00
14.00
25.00
28.00
4.00
8.00
26.00
2.00
61.00
74.00
8.00
10.00
82.00
334.00
47.00
31.00
1.00
19.00
3.00
1.00
69.00
1.00
6.00
1.00
42.00
3.00
1.00
17.00
8.00
5.00
4.00
1.00
4.00
3.00
46.00
14.00
3.00
17.00
1.00
4.00
59.00
10.00
67.00
6.00
1.00
2.00
1.00
1.00
3.00
4.00
2.00
6.00
44.00
22.00
5.00
15.00
5.00
14.00
2.00
4.00
88.00
23.00
72.00
139.00
31.00
10.00
212.00
77.00
3.00
1.00
3.00
2.00
26.00
2.00
12.00
34.00
128.00
8.00
3.00
5.00
3.00
2.00
34.00
62.00
20.00
28.00
10.00
12.00
8.00
1.00
2.00
2.00
2.00
3.00
29.00
15.00
58.00
10.00
2.00
1.00
8.00
8.00
27.00
7.00
1.00
26.00
4.00
44.00
1.00
21.00
3.00
1.00
168.00
79.00
80.00
1.00
1.00
10.00
17.00
58.00
1.00
73.00
13.00
31.00
6.00
67.00
39.00
2.00
9.00
14.00
10.00
33.00
20.00
67.00
8.00
10.00
54.00
13.00
1.00
