30.00
5.00
9.00
56.00
8.00
3.00
89.00
10.00
41.00
18.00
21.00
61.00
98.00
75.00
131.00
78.00
2.00
95.00
19.00
65.00
40.00
36.00
33.00
72.00
1.00
8.00
25.00
9.00
6.00
6.00
1.00
21.00
3.00
1.00
18.00
97.00
22.00
1.00
13.00
2.00
4.00
50.00
4.00
14.00
52.00
5.00
6.00
13.00
21.00
3.00
78.00
18.00
5.00
37.00
7.00
106.00
127.00
63.00
74.00
5.00
16.00
34.00
10.00
6.00
12.00
42.00
52.00
3.00
3.00
19.00
47.00
7.00
3.00
3.00
3.00
4.00
6.00
31.00
9.00
18.00
16.00
3.00
12.00
37.00
19.00
25.00
38.00
5.00
2.00
19.00
32.00
6.00
2.00
111.00
1.00
34.00
8.00
6.00
44.00
19.00
18.00
45.00
179.00
30.00
25.00
88.00
83.00
7.00
46.00
6.00
5.00
10.00
12.00
6.00
34.00
24.00
16.00
1.00
5.00
17.00
45.00
11.00
11.00
2.00
66.00
44.00
2.00
2.00
24.00
9.00
10.00
20.00
40.00
4.00
51.00
1.00
6.00
6.00
46.00
2.00
2.00
9.00
2.00
6.00
5.00
51.00
36.00
15.00
2.00
29.00
37.00
2.00
1.00
11.00
160.00
27.00
3.00
13.00
1.00
16.00
53.00
31.00
20.00
44.00
2.00
3.00
16.00
18.00
1.00
1.00
19.00
38.00
30.00
14.00
2.00
9.00
6.00
19.00
6.00
21.00
13.00
5.00
8.00
5.00
2.00
3.00
53.00
25.00
2.00
1.00
45.00
6.00
5.00
5.00
21.00
1.00
7.00
14.00
4.00
9.00
19.00
5.00
14.00
4.00
19.00
12.00
15.00
65.00
3.00
11.00
47.00
282.00
55.00
5.00
7.00
1.00
125.00
8.00
4.00
2.00
38.00
7.00
17.00
98.00
21.00
2.00
4.00
3.00
15.00
6.00
15.00
1.00
1.00
12.00
1.00
14.00
45.00
10.00
5.00
5.00
2.00
21.00
11.00
31.00
2.00
20.00
15.00
20.00
3.00
3.00
17.00
1.00
1.00
9.00
35.00
15.00
21.00
6.00
5.00
70.00
9.00
55.00
28.00
5.00
1.00
1.00
5.00
41.00
132.00
49.00
38.00
46.00
6.00
2.00
34.00
1.00
67.00
1.00
19.00
39.00
50.00
3.00
38.00
1.00
21.00
16.00
11.00
9.00
53.00
17.00
15.00
5.00
9.00
6.00
2.00
1.00
8.00
42.00
8.00
5.00
12.00
1.00
53.00
1.00
4.00
13.00
10.00
4.00
1.00
37.00
8.00
3.00
6.00
8.00
2.00
9.00
12.00
64.00
3.00
1.00
97.00
133.00
138.00
82.00
13.00
12.00
1.00
84.00
80.00
21.00
1.00
3.00
27.00
1.00
14.00
30.00
24.00
27.00
8.00
1.00
7.00
19.00
5.00
6.00
4.00
7.00
1.00
3.00
6.00
44.00
14.00
8.00
27.00
24.00
10.00
11.00
37.00
1.00
7.00
5.00
16.00
1.00
8.00
1.00
16.00
8.00
19.00
1.00
3.00
4.00
4.00
12.00
42.00
30.00
9.00
9.00
163.00
5.00
157.00
25.00
14.00
109.00
80.00
12.00
30.00
43.00
6.00
5.00
10.00
19.00
43.00
9.00
18.00
10.00
5.00
15.00
6.00
31.00
4.00
7.00
30.00
27.00
88.00
3.00
4.00
3.00
7.00
2.00
48.00
2.00
2.00
16.00
4.00
16.00
12.00
19.00
3.00
1.00
34.00
16.00
78.00
65.00
1.00
187.00
12.00
1.00
1.00
3.00
3.00
2.00
20.00
2.00
2.00
101.00
2.00
14.00
38.00
51.00
51.00
10.00
26.00
20.00
58.00
9.00
6.00
1.00
18.00
24.00
2.00
17.00
35.00
13.00
15.00
36.00
62.00
4.00
20.00
27.00
20.00
9.00
2.00
21.00
35.00
11.00
19.00
82.00
81.00
5.00
11.00
40.00
96.00
19.00
81.00
5.00
4.00
14.00
107.00
15.00
1.00
3.00
31.00
61.00
18.00
7.00
53.00
17.00
4.00
2.00
10.00
22.00
31.00
25.00
2.00
20.00
28.00
2.00
42.00
35.00
1.00
5.00
13.00
4.00
4.00
1.00
2.00
23.00
1.00
14.00
69.00
39.00
12.00
3.00
22.00
78.00
8.00
2.00
11.00
36.00
1.00
8.00
57.00
1.00
27.00
2.00
3.00
128.00
1.00
80.00
10.00
65.00
36.00
3.00
23.00
2.00
3.00
21.00
29.00
22.00
43.00
23.00
3.00
5.00
42.00
13.00
2.00
18.00
5.00
5.00
1.00
1.00
19.00
21.00
34.00
43.00
37.00
7.00
58.00
9.00
8.00
46.00
21.00
18.00
3.00
6.00
16.00
5.00
38.00
71.00
13.00
45.00
63.00
4.00
13.00
104.00
3.00
35.00
19.00
3.00
33.00
101.00
18.00
4.00
30.00
2.00
1.00
14.00
25.00
33.00
3.00
78.00
2.00
2.00
3.00
1.00
28.00
39.00
55.00
10.00
8.00
18.00
64.00
65.00
3.00
48.00
57.00
3.00
1.00
7.00
51.00
14.00
24.00
10.00
3.00
1.00
61.00
11.00
3.00
21.00
23.00
2.00
15.00
53.00
4.00
80.00
30.00
51.00
16.00
17.00
46.00
81.00
47.00
31.00
25.00
26.00
24.00
27.00
8.00
5.00
7.00
1.00
1.00
7.00
41.00
11.00
16.00
10.00
45.00
27.00
1.00
9.00
45.00
12.00
9.00
9.00
8.00
24.00
20.00
9.00
24.00
2.00
12.00
3.00
4.00
41.00
2.00
16.00
56.00
11.00
20.00
9.00
144.00
86.00
7.00
2.00
1.00
6.00
4.00
28.00
108.00
17.00
41.00
1.00
21.00
8.00
2.00
2.00
11.00
1.00
14.00
15.00
6.00
10.00
26.00
19.00
5.00
17.00
34.00
19.00
27.00
41.00
13.00
10.00
3.00
1.00
11.00
31.00
14.00
15.00
4.00
12.00
1.00
1.00
25.00
7.00
20.00
28.00
36.00
3.00
10.00
10.00
38.00
17.00
2.00
28.00
5.00
35.00
1.00
12.00
14.00
41.00
46.00
76.00
2.00
1.00
58.00
12.00
11.00
77.00
101.00
22.00
82.00
52.00
19.00
4.00
4.00
2.00
4.00
15.00
2.00
80.00
62.00
11.00
1.00
3.00
13.00
2.00
1.00
57.00
9.00
31.00
1.00
3.00
9.00
3.00
22.00
25.00
31.00
3.00
1.00
1.00
1.00
3.00
2.00
2.00
8.00
6.00
66.00
3.00
6.00
117.00
2.00
50.00
20.00
12.00
144.00
178.00
24.00
41.00
84.00
69.00
15.00
3.00
13.00
51.00
5.00
58.00
1.00
1.00
7.00
9.00
68.00
16.00
9.00
9.00
6.00
8.00
1.00
51.00
1.00
11.00
11.00
3.00
7.00
23.00
8.00
3.00
8.00
6.00
4.00
25.00
16.00
54.00
1.00
148.00
3.00
74.00
156.00
42.00
2.00
133.00
53.00
1.00
1.00
13.00
45.00
110.00
18.00
17.00
58.00
14.00
13.00
5.00
25.00
1.00
7.00
3.00
5.00
53.00
3.00
4.00
7.00
5.00
15.00
4.00
1.00
28.00
7.00
44.00
5.00
63.00
5.00
29.00
3.00
10.00
113.00
2.00
2.00
5.00
111.00
106.00
3.00
4.00
8.00
157.00
8.00
1.00
33.00
3.00
34.00
11.00
6.00
10.00
12.00
3.00
19.00
1.00
4.00
15.00
56.00
1.00
22.00
1.00
10.00
1.00
42.00
15.00
9.00
2.00
1.00
50.00
12.00
1.00
6.00
4.00
20.00
3.00
28.00
1.00
11.00
52.00
31.00
4.00
3.00
15.00
36.00
4.00
41.00
8.00
18.00
1.00
17.00
10.00
15.00
30.00
5.00
6.00
75.00
35.00
77.00
67.00
65.00
162.00
16.00
12.00
25.00
37.00
40.00
4.00
14.00
16.00
11.00
28.00
47.00
9.00
8.00
21.00
9.00
4.00
42.00
1.00
3.00
10.00
15.00
5.00
2.00
7.00
11.00
48.00
3.00
1.00
66.00
2.00
8.00
57.00
79.00
22.00
30.00
25.00
1.00
21.00
2.00
8.00
5.00
1.00
9.00
4.00
2.00
21.00
23.00
59.00
39.00
2.00
24.00
5.00
6.00
6.00
2.00
149.00
10.00
16.00
2.00
59.00
7.00
10.00
15.00
10.00
3.00
19.00
1.00
25.00
38.00
8.00
5.00
8.00
9.00
7.00
28.00
11.00
20.00
1.00
17.00
12.00
19.00
4.00
11.00
2.00
1.00
5.00
12.00
27.00
5.00
23.00
2.00
17.00
14.00
3.00
31.00
11.00
14.00
10.00
98.00
33.00
31.00
34.00
9.00
54.00
111.00
59.00
82.00
43.00
6.00
53.00
36.00
9.00
36.00
1.00
10.00
44.00
11.00
26.00
48.00
8.00
25.00
27.00
37.00
4.00
58.00
55.00
9.00
3.00
3.00
1.00
26.00
64.00
64.00
2.00
39.00
18.00
3.00
49.00
26.00
3.00
35.00
19.00
71.00
80.00
110.00
3.00
3.00
6.00
78.00
2.00
54.00
9.00
57.00
43.00
16.00
19.00
6.00
1.00
8.00
22.00
26.00
3.00
1.00
1.00
10.00
11.00
21.00
9.00
24.00
3.00
27.00
13.00
13.00
42.00
7.00
12.00
3.00
24.00
1.00
4.00
16.00
9.00
29.00
1.00
2.00
4.00
3.00
3.00
54.00
13.00
8.00
8.00
38.00
4.00
45.00
1.00
11.00
3.00
65.00
55.00
3.00
94.00
29.00
2.00
1.00
97.00
32.00
19.00
26.00
1.00
31.00
1.00
69.00
44.00
84.00
23.00
47.00
28.00
11.00
9.00
12.00
41.00
32.00
4.00
6.00
5.00
5.00
1.00
35.00
1.00
39.00
9.00
66.00
60.00
1.00
16.00
30.00
4.00
4.00
31.00
61.00
124.00
11.00
37.00
6.00
131.00
38.00
3.00
115.00
68.00
23.00
12.00
20.00
9.00
20.00
71.00
7.00
21.00
8.00
14.00
5.00
2.00
29.00
23.00
43.00
43.00
14.00
14.00
18.00
14.00
47.00
5.00
8.00
5.00
7.00
9.00
4.00
30.00
10.00
3.00
31.00
8.00
31.00
1.00
5.00
22.00
4.00
63.00
1.00
148.00
109.00
1.00
76.00
3.00
22.00
6.00
2.00
6.00
3.00
4.00
1.00
21.00
1.00
18.00
4.00
1.00
139.00
36.00
22.00
29.00
40.00
11.00
3.00
6.00
65.00
17.00
57.00
20.00
15.00
6.00
41.00
2.00
18.00
60.00
27.00
3.00
33.00
34.00
26.00
4.00
49.00
33.00
5.00
76.00
116.00
1.00
17.00
7.00
6.00
16.00
66.00
34.00
10.00
14.00
14.00
77.00
6.00
27.00
2.00
5.00
60.00
59.00
29.00
3.00
32.00
3.00
44.00
71.00
10.00
30.00
28.00
1.00
19.00
2.00
2.00
18.00
2.00
8.00
1.00
1.00
15.00
1.00
10.00
8.00
9.00
1.00
21.00
5.00
33.00
2.00
2.00
12.00
13.00
4.00
2.00
15.00
3.00
12.00
1.00
15.00
206.00
75.00
58.00
68.00
34.00
9.00
33.00
1.00
1.00
36.00
3.00
24.00
2.00
7.00
2.00
3.00
27.00
20.00
39.00
26.00
16.00
96.00
35.00
82.00
6.00
1.00
24.00
5.00
34.00
15.00
3.00
5.00
3.00
4.00
18.00
24.00
40.00
2.00
3.00
46.00
25.00
8.00
19.00
1.00
33.00
1.00
17.00
22.00
189.00
157.00
8.00
15.00
14.00
9.00
81.00
24.00
13.00
55.00
5.00
18.00
16.00
1.00
17.00
12.00
26.00
3.00
14.00
3.00
158.00
22.00
3.00
9.00
12.00
3.00
15.00
8.00
6.00
6.00
33.00
12.00
74.00
7.00
2.00
24.00
1.00
1.00
16.00
6.00
18.00
48.00
1.00
50.00
76.00
17.00
25.00
34.00
2.00
11.00
183.00
15.00
1.00
43.00
57.00
42.00
29.00
37.00
13.00
20.00
8.00
10.00
15.00
8.00
2.00
10.00
6.00
6.00
8.00
8.00
27.00
9.00
35.00
6.00
64.00
6.00
11.00
105.00
4.00
9.00
8.00
55.00
5.00
3.00
6.00
42.00
25.00
1.00
1.00
2.00
4.00
39.00
11.00
17.00
1.00
83.00
4.00
76.00
2.00
10.00
2.00
41.00
37.00
16.00
25.00
5.00
2.00
1.00
72.00
35.00
16.00
21.00
13.00
26.00
8.00
4.00
6.00
31.00
44.00
2.00
15.00
7.00
2.00
4.00
9.00
12.00
2.00
18.00
4.00
