30.00
7.00
9.00
70.00
1.00
1.00
18.00
80.00
1.00
62.00
185.00
1.00
1.00
3.00
501.00
96.00
33.00
76.00
8.00
26.00
9.00
7.00
41.00
24.00
104.00
21.00
8.00
13.00
2.00
62.00
17.00
51.00
5.00
4.00
200.00
9.00
387.00
102.00
2.00
115.00
41.00
79.00
14.00
83.00
22.00
3.00
2.00
21.00
38.00
19.00
32.00
1.00
285.00
10.00
73.00
562.00
13.00
5.00
38.00
47.00
53.00
1.00
5.00
121.00
66.00
44.00
1.00
39.00
10.00
64.00
4.00
51.00
5.00
1.00
4.00
5.00
1.00
46.00
3.00
2.00
13.00
6.00
119.00
2.00
91.00
454.00
189.00
21.00
55.00
9.00
2.00
3.00
18.00
1.00
6.00
55.00
24.00
1.00
1.00
45.00
6.00
6.00
9.00
42.00
2.00
1.00
19.00
2.00
10.00
21.00
5.00
13.00
123.00
2.00
1.00
4.00
759.00
1.00
1.00
29.00
12.00
3.00
43.00
1.00
21.00
66.00
10.00
1.00
10.00
2.00
1.00
19.00
12.00
33.00
1.00
14.00
1.00
2.00
35.00
5.00
5.00
16.00
9.00
35.00
44.00
14.00
71.00
2.00
166.00
283.00
408.00
17.00
56.00
24.00
37.00
16.00
56.00
22.00
17.00
1.00
58.00
4.00
27.00
4.00
3.00
37.00
15.00
33.00
2.00
9.00
14.00
847.00
50.00
64.00
55.00
1.00
6.00
1.00
4.00
19.00
46.00
15.00
10.00
120.00
6.00
32.00
12.00
42.00
3.00
1.00
3.00
9.00
4.00
23.00
110.00
329.00
238.00
14.00
42.00
57.00
10.00
8.00
11.00
7.00
65.00
40.00
7.00
16.00
1.00
7.00
25.00
11.00
11.00
30.00
26.00
94.00
2.00
6.00
4.00
7.00
8.00
40.00
3.00
1.00
23.00
29.00
2.00
19.00
2.00
1.00
5.00
31.00
100.00
65.00
1.00
616.00
74.00
10.00
1.00
23.00
27.00
1.00
27.00
1.00
173.00
4.00
76.00
12.00
65.00
1.00
30.00
2.00
793.00
93.00
28.00
25.00
40.00
25.00
2.00
135.00
15.00
8.00
1.00
23.00
130.00
13.00
3.00
24.00
63.00
14.00
12.00
19.00
515.00
181.00
2.00
2.00
73.00
1.00
14.00
30.00
1.00
1.00
4.00
25.00
80.00
83.00
1.00
65.00
9.00
106.00
5.00
24.00
44.00
79.00
61.00
671.00
3.00
7.00
35.00
39.00
101.00
6.00
63.00
67.00
1.00
45.00
60.00
5.00
7.00
70.00
41.00
2.00
5.00
62.00
13.00
250.00
446.00
27.00
14.00
5.00
7.00
6.00
1.00
6.00
1.00
55.00
19.00
6.00
84.00
64.00
3.00
42.00
23.00
2.00
22.00
48.00
9.00
2.00
2.00
2.00
45.00
1.00
23.00
69.00
36.00
444.00
141.00
212.00
47.00
41.00
31.00
4.00
11.00
33.00
29.00
7.00
16.00
2.00
3.00
24.00
5.00
21.00
27.00
2.00
10.00
17.00
9.00
21.00
58.00
32.00
45.00
32.00
1.00
166.00
67.00
28.00
1.00
1.00
399.00
22.00
27.00
1.00
87.00
66.00
14.00
4.00
13.00
4.00
59.00
11.00
48.00
9.00
3.00
1.00
20.00
4.00
24.00
1.00
31.00
5.00
3.00
5.00
10.00
2.00
79.00
1.00
4.00
3.00
122.00
60.00
383.00
19.00
236.00
24.00
74.00
5.00
63.00
11.00
11.00
85.00
9.00
20.00
61.00
9.00
9.00
2.00
8.00
26.00
21.00
48.00
729.00
266.00
15.00
1.00
48.00
2.00
2.00
9.00
8.00
80.00
3.00
25.00
4.00
1.00
18.00
1.00
4.00
47.00
5.00
19.00
43.00
8.00
30.00
3.00
127.00
9.00
484.00
76.00
1.00
68.00
21.00
56.00
1.00
39.00
69.00
34.00
65.00
28.00
3.00
40.00
70.00
29.00
2.00
2.00
1.00
23.00
42.00
3.00
44.00
37.00
2.00
48.00
33.00
10.00
2.00
131.00
389.00
127.00
188.00
1.00
26.00
91.00
40.00
6.00
27.00
43.00
3.00
3.00
69.00
2.00
65.00
4.00
80.00
1.00
25.00
56.00
1.00
34.00
20.00
69.00
352.00
34.00
3.00
96.00
27.00
26.00
78.00
7.00
8.00
12.00
2.00
6.00
74.00
19.00
34.00
5.00
6.00
4.00
8.00
1.00
40.00
6.00
23.00
10.00
25.00
16.00
35.00
30.00
150.00
86.00
629.00
41.00
48.00
17.00
6.00
60.00
37.00
3.00
59.00
54.00
1.00
1.00
1.00
1.00
1.00
3.00
160.00
2.00
59.00
5.00
58.00
725.00
22.00
1.00
28.00
1.00
30.00
4.00
2.00
156.00
7.00
30.00
7.00
48.00
5.00
20.00
10.00
31.00
6.00
3.00
2.00
6.00
2.00
1.00
56.00
2.00
14.00
1.00
6.00
9.00
41.00
3.00
60.00
1.00
6.00
615.00
46.00
91.00
29.00
6.00
50.00
3.00
58.00
60.00
1.00
33.00
23.00
6.00
43.00
2.00
176.00
1.00
51.00
1.00
44.00
61.00
613.00
13.00
86.00
45.00
64.00
7.00
1.00
2.00
3.00
6.00
24.00
3.00
27.00
94.00
25.00
4.00
17.00
68.00
2.00
6.00
11.00
7.00
18.00
46.00
1.00
39.00
31.00
2.00
42.00
67.00
420.00
74.00
1.00
8.00
148.00
36.00
24.00
34.00
40.00
12.00
23.00
145.00
20.00
15.00
49.00
2.00
18.00
105.00
6.00
1.00
32.00
40.00
652.00
40.00
109.00
42.00
29.00
55.00
10.00
51.00
82.00
51.00
7.00
21.00
8.00
18.00
2.00
6.00
23.00
15.00
6.00
2.00
19.00
20.00
6.00
33.00
31.00
4.00
24.00
4.00
17.00
490.00
7.00
162.00
65.00
1.00
38.00
44.00
101.00
37.00
96.00
25.00
5.00
6.00
47.00
3.00
7.00
1.00
21.00
25.00
42.00
110.00
799.00
40.00
10.00
24.00
7.00
187.00
13.00
8.00
4.00
42.00
5.00
9.00
46.00
80.00
8.00
6.00
25.00
1.00
1.00
18.00
6.00
21.00
111.00
82.00
496.00
69.00
74.00
2.00
40.00
3.00
9.00
6.00
22.00
10.00
7.00
29.00
48.00
8.00
93.00
1.00
1.00
100.00
18.00
64.00
6.00
5.00
7.00
76.00
7.00
429.00
1.00
316.00
48.00
36.00
3.00
5.00
24.00
2.00
20.00
2.00
