28
22
0
0
0
0
0
0
0
24
6
30
0
0
0
8
0
0
3
0
1
0
6
13
15
2
1
8
0
3
0
0
0
10
10
14
6
15
2
0
0
0
0
0
9
7
36
2
0
12
0
5
0
0
0
0
1
1
10
14
27
9
13
5
2
0
0
0
0
6
9
0
9
1
16
0
0
0
0
0
9
4
10
22
3
0
0
0
0
0
0
0
13
5
28
1
3
25
22
17
0
0
0
0
2
8
22
3
0
11
7
0
0
0
0
0
10
4
20
0
2
11
1
0
0
0
0
1
2
4
42
0
3
3
0
0
0
0
0
3
2
0
4
4
16
0
0
11
0
0
0
0
17
5
1
4
9
15
0
0
0
0
0
0
4
5
14
12
3
34
4
0
0
0
0
8
13
13
0
0
30
13
2
1
1
0
0
0
10
2
10
11
17
5
6
0
0
0
0
0
14
19
9
0
7
0
2
0
0
0
0
0
11
17
0
22
21
15
0
0
0
0
0
0
4
6
11
8
11
2
8
0
0
0
0
0
0
2
4
1
7
24
1
5
3
0
0
0
5
12
10
2
2
0
18
0
0
0
0
3
9
16
9
0
7
4
5
0
0
0
0
0
0
11
12
16
17
0
0
0
0
0
0
0
0
7
13
9
0
0
0
1
0
0
0
0
19
11
8
16
8
1
0
0
0
0
0
0
6
13
4
9
15
7
0
0
0
0
0
0
16
10
2
6
0
15
19
0
0
0
0
0
6
4
23
0
27
5
1
7
0
0
0
0
0
5
0
1
7
16
10
0
0
0
0
0
26
4
6
0
