49
24
8
7
4
0
0
0
1
5
20
24
11
36
27
0
11
0
0
1
8
11
4
12
14
0
0
10
3
0
0
0
4
9
5
13
24
25
47
4
8
0
0
0
1
0
16
25
34
32
5
10
0
0
0
0
0
18
21
24
40
42
8
3
9
0
2
0
0
0
10
11
18
19
6
0
0
0
0
0
0
6
9
40
19
28
22
4
0
0
7
0
14
27
12
44
4
34
36
15
5
0
0
0
0
3
23
8
8
10
26
0
0
0
0
0
0
5
18
9
40
13
7
12
0
0
0
1
0
6
44
2
8
6
18
1
2
0
0
0
0
11
8
25
15
38
21
29
0
0
2
0
0
12
23
17
15
13
27
4
0
0
0
1
1
0
3
36
38
25
17
15
0
10
3
0
0
10
13
20
24
39
29
21
2
0
0
2
2
1
21
24
26
30
21
0
0
0
0
0
3
1
0
18
17
28
29
11
7
0
0
0
6
2
8
9
16
18
16
15
5
2
0
0
5
2
3
10
6
33
11
11
16
1
0
0
6
29
40
30
47
24
27
1
7
2
0
0
0
0
5
8
11
55
3
14
1
0
0
0
0
3
35
1
15
19
25
13
6
0
0
0
0
5
22
10
20
8
5
18
3
0
0
0
0
6
2
33
6
13
20
11
3
0
0
1
3
4
10
4
4
21
18
1
0
0
0
0
6
1
16
16
10
36
38
25
0
0
0
2
0
14
14
3
13
40
12
4
0
0
0
0
0
0
34
6
13
8
23
37
6
3
0
0
0
2
9
29
21
19
13
21
5
0
0
8
0
0
2
21
