17
5
2
0
2
0
0
0
4
5
16
16
0
14
6
0
3
0
0
0
12
3
2
3
0
0
0
2
2
0
0
0
8
12
5
4
13
9
19
0
0
0
0
1
1
0
9
14
16
8
0
1
0
0
0
0
0
17
15
12
8
26
5
0
7
0
6
0
0
0
2
1
12
0
0
0
0
0
0
0
0
6
7
24
7
14
3
0
0
0
7
0
0
17
4
25
0
14
2
0
1
0
0
0
0
2
21
0
1
6
1
0
0
0
0
0
4
1
7
2
11
3
0
2
0
0
0
2
0
5
22
0
3
2
3
0
0
0
0
0
5
11
8
13
0
18
14
3
0
0
2
0
8
12
16
8
5
4
7
0
0
0
0
3
0
0
0
20
16
6
8
0
0
5
5
0
0
2
8
2
2
17
8
5
0
0
0
5
2
0
13
17
6
16
2
0
0
0
0
0
3
1
0
2
8
2
16
2
2
0
0
0
4
0
0
1
1
6
3
4
2
0
0
0
9
0
3
4
0
19
6
0
2
2
6
0
9
21
36
19
21
7
8
0
0
0
0
0
1
0
3
1
2
20
0
5
0
0
0
0
0
2
25
0
6
7
4
2
0
0
0
0
0
6
18
6
6
3
0
11
2
0
0
0
2
6
0
3
0
3
6
0
0
0
0
3
3
5
8
2
0
3
0
0
0
0
0
0
5
1
13
8
0
17
18
9
1
0
0
8
0
11
4
0
3
15
1
0
0
0
0
4
1
0
28
0
0
1
5
16
3
3
0
0
0
7
0
16
12
4
5
10
2
1
0
13
0
0
0
3
