54
24
13
12
9
2
4
16
21
19
24
40
25
41
29
11
24
3
6
15
23
47
35
47
28
16
2
26
9
0
15
1
41
36
30
23
32
28
49
17
39
2
27
16
25
29
39
34
36
55
12
20
0
0
23
3
19
30
47
25
40
45
15
20
17
1
26
25
34
29
24
38
42
32
24
4
1
0
17
14
29
33
36
47
30
38
43
25
0
3
15
1
29
58
18
52
10
34
41
21
6
0
21
20
20
12
39
28
14
25
32
3
18
2
34
14
34
30
43
23
36
16
14
21
17
3
19
20
24
23
65
20
11
17
27
8
9
7
23
24
24
21
11
37
13
41
31
38
10
4
30
6
37
27
39
26
31
29
32
14
1
19
2
36
61
27
21
46
51
23
25
23
3
21
9
2
23
50
16
29
39
45
39
23
17
2
7
34
11
15
33
33
31
26
40
4
6
1
1
5
18
10
8
31
34
24
31
15
15
2
10
18
47
24
40
19
34
23
35
28
19
9
8
0
37
28
18
31
28
34
16
16
41
6
38
9
40
38
50
48
53
42
35
10
19
13
7
6
40
21
11
29
11
50
4
24
34
1
1
12
25
26
54
24
26
29
34
19
21
10
26
16
22
14
38
35
37
8
7
29
8
6
5
12
8
37
16
49
15
17
30
25
7
1
8
31
45
8
18
23
7
21
41
15
8
9
19
31
25
18
36
30
16
48
45
45
2
1
6
21
30
52
17
9
23
41
17
17
8
5
2
29
16
30
48
23
18
28
34
46
15
15
17
5
20
21
41
59
26
29
19
25
31
15
10
37
21
33
27
34
