21.00
4.00
2.00
7.00
1.00
10.00
11.00
8.00
8.00
4.00
3.00
1.00
3.00
16.00
44.00
31.00
21.00
38.00
2.00
8.00
28.00
12.00
4.00
18.00
6.00
6.00
3.00
42.00
13.00
26.00
24.00
97.00
85.00
88.00
80.00
27.00
9.00
46.00
10.00
25.00
5.00
5.00
72.00
12.00
10.00
18.00
8.00
20.00
1.00
5.00
22.00
10.00
1.00
3.00
24.00
49.00
15.00
3.00
50.00
16.00
7.00
32.00
43.00
8.00
11.00
37.00
23.00
26.00
7.00
5.00
2.00
70.00
2.00
98.00
2.00
16.00
1.00
41.00
29.00
65.00
2.00
49.00
24.00
54.00
5.00
118.00
2.00
26.00
20.00
1.00
1.00
1.00
6.00
1.00
1.00
1.00
1.00
13.00
1.00
1.00
12.00
2.00
7.00
23.00
5.00
2.00
32.00
3.00
6.00
22.00
3.00
2.00
3.00
3.00
2.00
2.00
9.00
11.00
4.00
16.00
15.00
3.00
1.00
7.00
7.00
12.00
22.00
87.00
12.00
47.00
11.00
27.00
8.00
7.00
14.00
2.00
22.00
10.00
14.00
110.00
15.00
49.00
39.00
2.00
41.00
85.00
9.00
24.00
7.00
2.00
1.00
17.00
1.00
23.00
1.00
1.00
19.00
29.00
15.00
8.00
17.00
1.00
1.00
8.00
20.00
18.00
3.00
3.00
10.00
3.00
3.00
3.00
14.00
5.00
19.00
10.00
13.00
15.00
11.00
1.00
3.00
15.00
34.00
4.00
3.00
2.00
6.00
55.00
8.00
11.00
3.00
7.00
5.00
49.00
3.00
1.00
9.00
7.00
7.00
35.00
7.00
1.00
22.00
32.00
1.00
10.00
31.00
73.00
36.00
42.00
44.00
1.00
17.00
17.00
100.00
66.00
1.00
68.00
1.00
19.00
5.00
6.00
1.00
39.00
1.00
30.00
21.00
1.00
7.00
9.00
9.00
5.00
14.00
8.00
25.00
8.00
71.00
26.00
3.00
30.00
6.00
39.00
4.00
3.00
14.00
24.00
32.00
14.00
8.00
35.00
5.00
6.00
19.00
16.00
36.00
1.00
3.00
15.00
8.00
5.00
26.00
1.00
95.00
6.00
17.00
27.00
3.00
255.00
82.00
5.00
38.00
9.00
11.00
49.00
12.00
17.00
11.00
12.00
1.00
24.00
8.00
2.00
3.00
30.00
4.00
10.00
1.00
6.00
10.00
4.00
49.00
5.00
6.00
1.00
6.00
8.00
28.00
7.00
3.00
3.00
8.00
1.00
2.00
1.00
4.00
48.00
11.00
11.00
56.00
15.00
5.00
19.00
5.00
2.00
82.00
45.00
49.00
227.00
24.00
2.00
54.00
5.00
1.00
1.00
60.00
8.00
37.00
1.00
1.00
45.00
1.00
43.00
1.00
8.00
3.00
47.00
1.00
31.00
3.00
9.00
1.00
1.00
7.00
18.00
26.00
7.00
11.00
47.00
6.00
2.00
6.00
4.00
52.00
3.00
3.00
45.00
3.00
25.00
1.00
5.00
3.00
3.00
5.00
3.00
45.00
101.00
43.00
40.00
53.00
4.00
22.00
97.00
25.00
20.00
47.00
1.00
2.00
10.00
139.00
10.00
18.00
34.00
50.00
6.00
4.00
1.00
6.00
16.00
7.00
7.00
22.00
26.00
16.00
3.00
28.00
2.00
4.00
9.00
30.00
3.00
1.00
15.00
28.00
14.00
15.00
25.00
20.00
22.00
2.00
3.00
3.00
39.00
1.00
42.00
24.00
1.00
23.00
8.00
1.00
3.00
6.00
18.00
10.00
53.00
24.00
26.00
41.00
53.00
2.00
11.00
19.00
33.00
73.00
5.00
56.00
4.00
1.00
1.00
64.00
1.00
10.00
5.00
2.00
5.00
31.00
18.00
3.00
6.00
8.00
1.00
2.00
29.00
1.00
7.00
7.00
8.00
1.00
7.00
1.00
45.00
5.00
4.00
45.00
8.00
3.00
12.00
3.00
11.00
1.00
2.00
25.00
7.00
15.00
2.00
28.00
4.00
5.00
1.00
5.00
5.00
12.00
2.00
1.00
1.00
1.00
6.00
50.00
1.00
1.00
7.00
15.00
1.00
42.00
1.00
1.00
65.00
19.00
20.00
55.00
1.00
21.00
36.00
16.00
10.00
70.00
7.00
11.00
39.00
27.00
17.00
67.00
3.00
58.00
20.00
14.00
3.00
17.00
45.00
39.00
18.00
2.00
10.00
21.00
10.00
9.00
3.00
2.00
20.00
3.00
20.00
8.00
12.00
60.00
63.00
5.00
3.00
16.00
30.00
2.00
15.00
3.00
7.00
86.00
1.00
43.00
20.00
2.00
28.00
34.00
243.00
40.00
19.00
65.00
122.00
63.00
4.00
48.00
2.00
4.00
5.00
8.00
30.00
1.00
8.00
13.00
6.00
4.00
1.00
3.00
4.00
11.00
1.00
28.00
4.00
5.00
35.00
22.00
8.00
2.00
7.00
15.00
12.00
1.00
12.00
30.00
36.00
22.00
12.00
1.00
31.00
1.00
15.00
1.00
2.00
3.00
12.00
22.00
10.00
2.00
3.00
3.00
113.00
9.00
27.00
17.00
8.00
1.00
23.00
79.00
215.00
1.00
1.00
17.00
10.00
50.00
1.00
11.00
6.00
1.00
12.00
9.00
3.00
2.00
1.00
10.00
9.00
5.00
1.00
54.00
3.00
1.00
8.00
30.00
9.00
1.00
4.00
1.00
6.00
5.00
6.00
1.00
4.00
12.00
34.00
19.00
11.00
9.00
1.00
59.00
7.00
5.00
9.00
66.00
22.00
11.00
1.00
3.00
69.00
30.00
5.00
6.00
8.00
15.00
33.00
97.00
5.00
60.00
105.00
17.00
23.00
4.00
5.00
23.00
78.00
1.00
35.00
10.00
1.00
25.00
38.00
36.00
33.00
52.00
54.00
2.00
22.00
13.00
21.00
33.00
8.00
1.00
12.00
16.00
9.00
3.00
24.00
5.00
54.00
13.00
9.00
3.00
16.00
21.00
10.00
15.00
18.00
2.00
10.00
79.00
13.00
48.00
1.00
1.00
1.00
6.00
43.00
36.00
58.00
18.00
15.00
147.00
78.00
1.00
32.00
8.00
8.00
19.00
29.00
3.00
3.00
1.00
17.00
3.00
21.00
1.00
5.00
26.00
33.00
5.00
52.00
7.00
13.00
11.00
2.00
21.00
13.00
1.00
56.00
29.00
11.00
52.00
3.00
6.00
17.00
5.00
4.00
33.00
3.00
8.00
19.00
3.00
3.00
8.00
9.00
2.00
4.00
2.00
129.00
7.00
3.00
31.00
34.00
7.00
18.00
39.00
60.00
157.00
14.00
1.00
61.00
139.00
1.00
9.00
28.00
21.00
5.00
6.00
2.00
4.00
35.00
6.00
5.00
11.00
3.00
17.00
2.00
11.00
9.00
46.00
2.00
2.00
4.00
34.00
8.00
1.00
10.00
19.00
2.00
20.00
1.00
12.00
5.00
3.00
27.00
22.00
9.00
1.00
2.00
2.00
1.00
29.00
4.00
18.00
10.00
24.00
27.00
13.00
14.00
26.00
96.00
127.00
29.00
72.00
5.00
2.00
16.00
75.00
1.00
50.00
43.00
28.00
44.00
4.00
7.00
15.00
34.00
4.00
120.00
2.00
12.00
11.00
42.00
12.00
10.00
5.00
3.00
25.00
32.00
4.00
13.00
1.00
3.00
29.00
5.00
4.00
4.00
9.00
80.00
2.00
11.00
81.00
5.00
33.00
8.00
9.00
18.00
51.00
107.00
16.00
151.00
90.00
16.00
29.00
1.00
33.00
10.00
15.00
7.00
18.00
18.00
14.00
34.00
19.00
97.00
9.00
2.00
1.00
6.00
33.00
3.00
8.00
7.00
13.00
2.00
41.00
4.00
16.00
2.00
20.00
8.00
10.00
48.00
7.00
6.00
2.00
8.00
24.00
17.00
3.00
38.00
9.00
7.00
1.00
6.00
42.00
3.00
46.00
21.00
19.00
1.00
8.00
64.00
6.00
53.00
1.00
26.00
15.00
1.00
2.00
5.00
50.00
2.00
1.00
69.00
66.00
13.00
8.00
10.00
7.00
24.00
1.00
41.00
9.00
18.00
5.00
1.00
12.00
1.00
6.00
21.00
3.00
10.00
3.00
4.00
41.00
4.00
3.00
3.00
17.00
4.00
1.00
1.00
6.00
13.00
68.00
28.00
31.00
6.00
44.00
1.00
23.00
12.00
156.00
95.00
8.00
78.00
234.00
32.00
8.00
15.00
12.00
10.00
6.00
4.00
26.00
22.00
6.00
32.00
29.00
87.00
32.00
4.00
3.00
7.00
3.00
38.00
9.00
5.00
4.00
113.00
44.00
5.00
41.00
3.00
1.00
1.00
14.00
28.00
57.00
1.00
4.00
43.00
3.00
5.00
13.00
30.00
3.00
9.00
57.00
1.00
24.00
55.00
272.00
78.00
11.00
23.00
19.00
27.00
11.00
11.00
1.00
12.00
2.00
26.00
53.00
6.00
7.00
8.00
6.00
24.00
31.00
21.00
11.00
5.00
3.00
7.00
9.00
26.00
7.00
6.00
1.00
2.00
7.00
109.00
22.00
35.00
22.00
40.00
3.00
54.00
22.00
1.00
43.00
59.00
5.00
43.00
24.00
2.00
1.00
5.00
167.00
29.00
9.00
54.00
5.00
43.00
1.00
1.00
1.00
3.00
38.00
3.00
17.00
5.00
40.00
6.00
26.00
5.00
2.00
14.00
5.00
22.00
32.00
29.00
13.00
13.00
10.00
30.00
14.00
11.00
4.00
1.00
41.00
5.00
2.00
4.00
2.00
11.00
50.00
10.00
5.00
16.00
1.00
13.00
22.00
5.00
52.00
2.00
1.00
2.00
10.00
3.00
6.00
2.00
30.00
13.00
8.00
46.00
88.00
39.00
3.00
11.00
1.00
1.00
1.00
1.00
2.00
2.00
3.00
130.00
11.00
113.00
10.00
37.00
1.00
1.00
5.00
26.00
10.00
51.00
3.00
2.00
4.00
3.00
1.00
20.00
8.00
11.00
19.00
17.00
20.00
4.00
4.00
1.00
17.00
2.00
7.00
1.00
2.00
20.00
2.00
33.00
5.00
4.00
1.00
5.00
12.00
60.00
5.00
5.00
7.00
6.00
3.00
7.00
12.00
38.00
4.00
141.00
2.00
32.00
1.00
53.00
19.00
17.00
13.00
11.00
8.00
1.00
22.00
201.00
100.00
4.00
6.00
29.00
3.00
20.00
3.00
10.00
2.00
11.00
1.00
50.00
3.00
3.00
56.00
6.00
31.00
11.00
77.00
27.00
3.00
2.00
5.00
49.00
3.00
2.00
1.00
2.00
6.00
6.00
3.00
5.00
13.00
5.00
2.00
6.00
51.00
55.00
2.00
90.00
1.00
18.00
6.00
2.00
156.00
46.00
28.00
1.00
87.00
42.00
3.00
12.00
27.00
39.00
21.00
15.00
22.00
1.00
1.00
1.00
1.00
26.00
19.00
2.00
7.00
4.00
45.00
4.00
1.00
1.00
4.00
7.00
2.00
23.00
30.00
5.00
32.00
2.00
5.00
11.00
62.00
2.00
29.00
14.00
8.00
27.00
19.00
1.00
10.00
27.00
58.00
30.00
50.00
2.00
54.00
3.00
117.00
33.00
10.00
24.00
2.00
71.00
45.00
14.00
58.00
64.00
3.00
15.00
9.00
4.00
2.00
1.00
30.00
3.00
4.00
6.00
3.00
3.00
12.00
14.00
9.00
25.00
11.00
1.00
10.00
4.00
1.00
15.00
1.00
3.00
43.00
3.00
1.00
4.00
17.00
13.00
3.00
1.00
63.00
1.00
1.00
10.00
30.00
46.00
12.00
3.00
24.00
77.00
1.00
24.00
1.00
40.00
1.00
5.00
1.00
3.00
19.00
33.00
9.00
85.00
72.00
11.00
101.00
64.00
10.00
1.00
37.00
46.00
35.00
2.00
5.00
32.00
10.00
11.00
1.00
3.00
5.00
10.00
8.00
5.00
3.00
3.00
1.00
54.00
3.00
1.00
7.00
13.00
23.00
3.00
6.00
17.00
3.00
12.00
4.00
34.00
13.00
15.00
12.00
1.00
18.00
5.00
20.00
25.00
72.00
11.00
12.00
13.00
27.00
86.00
18.00
6.00
1.00
4.00
25.00
93.00
1.00
93.00
88.00
71.00
38.00
4.00
31.00
24.00
8.00
15.00
4.00
5.00
24.00
10.00
42.00
1.00
14.00
2.00
3.00
14.00
18.00
1.00
1.00
3.00
1.00
5.00
6.00
48.00
1.00
4.00
5.00
8.00
1.00
8.00
11.00
3.00
8.00
13.00
5.00
2.00
1.00
1.00
17.00
7.00
2.00
12.00
17.00
2.00
6.00
26.00
15.00
23.00
51.00
38.00
15.00
158.00
130.00
35.00
40.00
1.00
96.00
17.00
20.00
1.00
35.00
12.00
1.00
7.00
7.00
6.00
18.00
6.00
5.00
2.00
1.00
12.00
14.00
12.00
52.00
11.00
2.00
4.00
10.00
3.00
6.00
3.00
4.00
5.00
31.00
1.00
5.00
5.00
2.00
11.00
49.00
5.00
10.00
45.00
1.00
11.00
22.00
5.00
44.00
2.00
7.00
71.00
1.00
1.00
7.00
53.00
15.00
31.00
2.00
5.00
116.00
1.00
33.00
4.00
11.00
3.00
115.00
1.00
32.00
45.00
15.00
1.00
3.00
14.00
36.00
46.00
1.00
51.00
1.00
6.00
1.00
1.00
6.00
26.00
17.00
10.00
4.00
10.00
1.00
2.00
1.00
2.00
12.00
74.00
46.00
8.00
2.00
2.00
2.00
4.00
3.00
3.00
6.00
1.00
33.00
2.00
24.00
8.00
15.00
31.00
5.00
12.00
66.00
24.00
76.00
78.00
6.00
57.00
4.00
64.00
69.00
71.00
44.00
48.00
31.00
9.00
5.00
38.00
64.00
1.00
1.00
4.00
7.00
8.00
4.00
7.00
18.00
21.00
15.00
2.00
6.00
12.00
6.00
5.00
9.00
3.00
12.00
1.00
1.00
1.00
4.00
22.00
15.00
7.00
1.00
15.00
31.00
10.00
7.00
4.00
9.00
9.00
7.00
1.00
4.00
1.00
18.00
2.00
5.00
46.00
7.00
5.00
5.00
3.00
56.00
8.00
35.00
51.00
4.00
98.00
11.00
1.00
2.00
6.00
1.00
15.00
1.00
11.00
143.00
2.00
10.00
6.00
7.00
2.00
17.00
4.00
13.00
7.00
8.00
4.00
1.00
1.00
6.00
5.00
1.00
1.00
33.00
2.00
22.00
16.00
10.00
3.00
5.00
8.00
54.00
6.00
2.00
3.00
