25.00
13.00
1.00
9.00
4.00
2.00
1.00
11.00
7.00
3.00
9.00
23.00
15.00
8.00
4.00
7.00
10.00
5.00
11.00
12.00
2.00
1.00
3.00
1.00
5.00
8.00
4.00
1.00
2.00
7.00
3.00
7.00
8.00
1.00
2.00
2.00
26.00
2.00
27.00
7.00
32.00
1.00
7.00
10.00
15.00
16.00
22.00
10.00
11.00
2.00
6.00
5.00
13.00
14.00
5.00
1.00
7.00
2.00
3.00
6.00
1.00
20.00
2.00
9.00
16.00
2.00
8.00
9.00
1.00
1.00
9.00
1.00
2.00
1.00
3.00
1.00
1.00
2.00
3.00
4.00
1.00
2.00
2.00
1.00
6.00
13.00
2.00
17.00
1.00
1.00
1.00
5.00
4.00
2.00
1.00
5.00
12.00
4.00
1.00
5.00
8.00
5.00
1.00
2.00
8.00
1.00
1.00
3.00
3.00
7.00
4.00
9.00
1.00
11.00
2.00
4.00
1.00
13.00
1.00
9.00
7.00
7.00
4.00
5.00
4.00
7.00
7.00
8.00
1.00
7.00
7.00
6.00
1.00
10.00
11.00
6.00
11.00
12.00
8.00
6.00
1.00
21.00
8.00
1.00
1.00
1.00
2.00
2.00
1.00
1.00
1.00
2.00
5.00
5.00
9.00
9.00
3.00
2.00
3.00
2.00
9.00
1.00
3.00
29.00
4.00
1.00
20.00
8.00
4.00
11.00
8.00
41.00
7.00
16.00
1.00
5.00
5.00
4.00
4.00
5.00
12.00
8.00
5.00
2.00
3.00
14.00
1.00
3.00
7.00
6.00
8.00
4.00
7.00
4.00
1.00
5.00
1.00
5.00
1.00
1.00
3.00
1.00
6.00
4.00
3.00
1.00
3.00
1.00
2.00
1.00
1.00
7.00
3.00
2.00
5.00
1.00
7.00
2.00
3.00
2.00
3.00
34.00
13.00
1.00
23.00
3.00
25.00
13.00
3.00
11.00
17.00
25.00
2.00
4.00
8.00
1.00
3.00
12.00
4.00
1.00
3.00
3.00
13.00
2.00
1.00
1.00
6.00
3.00
3.00
1.00
2.00
3.00
1.00
1.00
1.00
4.00
2.00
9.00
15.00
4.00
1.00
4.00
2.00
2.00
2.00
12.00
5.00
1.00
5.00
14.00
3.00
9.00
1.00
5.00
1.00
3.00
2.00
1.00
2.00
5.00
4.00
9.00
4.00
10.00
18.00
6.00
14.00
2.00
1.00
4.00
11.00
7.00
2.00
10.00
8.00
23.00
25.00
8.00
11.00
2.00
1.00
1.00
8.00
1.00
6.00
6.00
6.00
7.00
2.00
20.00
1.00
11.00
5.00
14.00
1.00
1.00
9.00
1.00
2.00
1.00
2.00
12.00
1.00
2.00
3.00
26.00
5.00
1.00
3.00
19.00
1.00
8.00
5.00
14.00
11.00
2.00
4.00
5.00
9.00
7.00
1.00
1.00
3.00
4.00
3.00
2.00
5.00
13.00
4.00
3.00
6.00
5.00
3.00
8.00
3.00
7.00
1.00
1.00
3.00
7.00
3.00
11.00
6.00
5.00
8.00
4.00
7.00
2.00
4.00
4.00
1.00
2.00
2.00
2.00
2.00
2.00
2.00
1.00
2.00
5.00
29.00
5.00
4.00
7.00
4.00
2.00
1.00
26.00
22.00
17.00
1.00
1.00
14.00
1.00
22.00
2.00
5.00
3.00
3.00
5.00
1.00
6.00
3.00
7.00
2.00
5.00
2.00
3.00
2.00
6.00
5.00
1.00
6.00
4.00
1.00
3.00
1.00
3.00
2.00
1.00
5.00
1.00
3.00
5.00
4.00
5.00
10.00
1.00
2.00
2.00
1.00
6.00
1.00
1.00
3.00
2.00
1.00
3.00
2.00
5.00
2.00
4.00
6.00
5.00
26.00
7.00
12.00
14.00
3.00
3.00
1.00
4.00
15.00
7.00
4.00
6.00
20.00
5.00
11.00
5.00
1.00
17.00
3.00
3.00
12.00
2.00
1.00
11.00
1.00
1.00
5.00
3.00
3.00
6.00
1.00
10.00
4.00
2.00
2.00
4.00
2.00
2.00
1.00
4.00
12.00
1.00
8.00
4.00
9.00
15.00
8.00
8.00
12.00
8.00
2.00
13.00
3.00
11.00
2.00
7.00
13.00
2.00
1.00
3.00
3.00
1.00
8.00
6.00
1.00
1.00
5.00
1.00
1.00
1.00
3.00
14.00
6.00
2.00
17.00
14.00
10.00
11.00
7.00
34.00
10.00
16.00
2.00
3.00
10.00
9.00
12.00
3.00
8.00
3.00
3.00
25.00
4.00
4.00
5.00
8.00
6.00
3.00
4.00
6.00
9.00
3.00
4.00
1.00
2.00
3.00
1.00
1.00
2.00
4.00
14.00
1.00
19.00
12.00
2.00
7.00
7.00
6.00
5.00
1.00
16.00
8.00
11.00
10.00
1.00
19.00
4.00
4.00
4.00
1.00
2.00
2.00
9.00
5.00
3.00
8.00
2.00
4.00
10.00
1.00
6.00
18.00
2.00
7.00
1.00
2.00
1.00
2.00
3.00
3.00
7.00
2.00
3.00
1.00
1.00
1.00
1.00
5.00
9.00
3.00
9.00
6.00
1.00
1.00
1.00
1.00
2.00
8.00
1.00
8.00
6.00
1.00
3.00
1.00
7.00
1.00
4.00
1.00
3.00
1.00
3.00
1.00
1.00
1.00
19.00
6.00
1.00
3.00
12.00
9.00
45.00
10.00
2.00
10.00
4.00
3.00
6.00
4.00
1.00
5.00
2.00
2.00
1.00
1.00
1.00
3.00
2.00
10.00
6.00
5.00
1.00
8.00
3.00
4.00
5.00
1.00
1.00
3.00
3.00
1.00
4.00
6.00
3.00
2.00
5.00
7.00
1.00
1.00
1.00
6.00
6.00
1.00
11.00
6.00
2.00
3.00
21.00
1.00
17.00
1.00
13.00
3.00
5.00
3.00
1.00
1.00
7.00
6.00
2.00
1.00
3.00
1.00
1.00
5.00
8.00
1.00
6.00
29.00
8.00
5.00
4.00
5.00
1.00
7.00
5.00
4.00
2.00
1.00
3.00
2.00
1.00
19.00
4.00
1.00
3.00
2.00
1.00
1.00
2.00
1.00
5.00
13.00
1.00
1.00
5.00
1.00
1.00
2.00
1.00
6.00
6.00
1.00
2.00
29.00
17.00
3.00
3.00
7.00
4.00
7.00
2.00
1.00
5.00
5.00
7.00
9.00
9.00
7.00
8.00
1.00
1.00
3.00
10.00
6.00
1.00
9.00
7.00
15.00
14.00
5.00
7.00
2.00
6.00
1.00
1.00
1.00
5.00
2.00
1.00
1.00
1.00
1.00
2.00
1.00
10.00
3.00
2.00
1.00
3.00
7.00
21.00
16.00
2.00
20.00
3.00
9.00
34.00
4.00
4.00
2.00
2.00
9.00
9.00
29.00
1.00
2.00
6.00
9.00
14.00
14.00
1.00
4.00
4.00
13.00
1.00
3.00
3.00
1.00
2.00
3.00
4.00
20.00
13.00
2.00
7.00
12.00
7.00
7.00
8.00
1.00
8.00
1.00
1.00
6.00
3.00
4.00
10.00
5.00
16.00
2.00
1.00
3.00
1.00
2.00
2.00
20.00
2.00
1.00
18.00
17.00
10.00
4.00
17.00
4.00
1.00
6.00
4.00
9.00
4.00
11.00
9.00
14.00
41.00
6.00
1.00
10.00
16.00
5.00
3.00
1.00
8.00
1.00
16.00
1.00
2.00
2.00
11.00
2.00
6.00
18.00
9.00
5.00
1.00
7.00
1.00
1.00
2.00
2.00
19.00
29.00
9.00
5.00
3.00
4.00
9.00
1.00
45.00
9.00
1.00
16.00
2.00
19.00
1.00
2.00
2.00
1.00
4.00
2.00
6.00
2.00
12.00
5.00
1.00
2.00
8.00
3.00
13.00
2.00
9.00
4.00
6.00
8.00
3.00
6.00
2.00
1.00
2.00
2.00
1.00
5.00
7.00
1.00
1.00
3.00
13.00
3.00
1.00
5.00
2.00
2.00
3.00
7.00
2.00
2.00
5.00
1.00
1.00
23.00
8.00
1.00
19.00
5.00
7.00
10.00
6.00
16.00
2.00
12.00
7.00
2.00
8.00
2.00
9.00
15.00
11.00
3.00
4.00
8.00
7.00
4.00
8.00
6.00
8.00
8.00
22.00
3.00
1.00
4.00
7.00
7.00
2.00
16.00
8.00
17.00
2.00
4.00
15.00
3.00
4.00
3.00
8.00
1.00
1.00
7.00
13.00
2.00
2.00
1.00
3.00
29.00
15.00
2.00
8.00
4.00
1.00
9.00
14.00
7.00
5.00
28.00
3.00
2.00
1.00
2.00
7.00
8.00
14.00
3.00
5.00
2.00
4.00
6.00
1.00
1.00
4.00
1.00
2.00
6.00
5.00
1.00
5.00
1.00
1.00
1.00
2.00
11.00
2.00
6.00
2.00
16.00
14.00
8.00
3.00
7.00
14.00
3.00
10.00
1.00
4.00
4.00
9.00
2.00
5.00
11.00
16.00
4.00
2.00
4.00
6.00
15.00
4.00
4.00
4.00
9.00
3.00
5.00
9.00
7.00
1.00
4.00
8.00
1.00
3.00
5.00
13.00
2.00
2.00
2.00
2.00
2.00
1.00
2.00
6.00
1.00
4.00
1.00
4.00
10.00
17.00
4.00
15.00
7.00
3.00
1.00
1.00
5.00
6.00
1.00
6.00
8.00
7.00
2.00
1.00
3.00
8.00
5.00
4.00
6.00
3.00
7.00
2.00
2.00
1.00
1.00
10.00
5.00
1.00
1.00
12.00
2.00
5.00
8.00
11.00
20.00
2.00
1.00
9.00
6.00
4.00
3.00
2.00
3.00
4.00
1.00
5.00
2.00
2.00
3.00
7.00
1.00
2.00
1.00
3.00
1.00
12.00
1.00
5.00
1.00
3.00
1.00
3.00
3.00
3.00
4.00
2.00
2.00
1.00
5.00
9.00
3.00
3.00
11.00
1.00
4.00
8.00
14.00
6.00
11.00
4.00
8.00
4.00
4.00
1.00
1.00
10.00
7.00
2.00
5.00
4.00
8.00
6.00
2.00
10.00
1.00
4.00
5.00
7.00
3.00
6.00
2.00
4.00
5.00
6.00
2.00
4.00
4.00
4.00
4.00
3.00
9.00
7.00
3.00
23.00
3.00
2.00
12.00
18.00
3.00
9.00
8.00
7.00
1.00
1.00
1.00
3.00
1.00
30.00
1.00
3.00
17.00
6.00
6.00
18.00
5.00
26.00
20.00
20.00
11.00
6.00
1.00
4.00
2.00
3.00
1.00
1.00
6.00
20.00
2.00
1.00
1.00
15.00
7.00
3.00
6.00
1.00
19.00
2.00
1.00
1.00
8.00
4.00
3.00
13.00
1.00
2.00
9.00
2.00
6.00
1.00
6.00
2.00
1.00
2.00
1.00
1.00
3.00
3.00
3.00
5.00
4.00
1.00
3.00
1.00
2.00
15.00
2.00
1.00
11.00
14.00
8.00
3.00
3.00
20.00
5.00
7.00
4.00
34.00
7.00
2.00
2.00
2.00
1.00
6.00
1.00
10.00
10.00
8.00
6.00
9.00
3.00
5.00
1.00
5.00
1.00
3.00
11.00
8.00
2.00
11.00
2.00
2.00
1.00
1.00
4.00
1.00
2.00
1.00
6.00
12.00
1.00
8.00
1.00
13.00
7.00
13.00
8.00
9.00
1.00
9.00
1.00
12.00
11.00
1.00
1.00
12.00
28.00
3.00
3.00
1.00
3.00
1.00
4.00
6.00
2.00
4.00
2.00
1.00
7.00
13.00
3.00
13.00
8.00
13.00
2.00
5.00
6.00
2.00
1.00
4.00
7.00
9.00
2.00
5.00
13.00
2.00
12.00
5.00
4.00
1.00
6.00
2.00
3.00
1.00
7.00
3.00
2.00
1.00
1.00
1.00
8.00
3.00
2.00
1.00
3.00
27.00
1.00
1.00
1.00
27.00
24.00
12.00
1.00
2.00
16.00
1.00
5.00
9.00
1.00
2.00
8.00
8.00
8.00
32.00
3.00
8.00
3.00
6.00
1.00
3.00
14.00
2.00
7.00
15.00
1.00
17.00
5.00
2.00
7.00
2.00
2.00
6.00
6.00
5.00
1.00
3.00
10.00
13.00
2.00
6.00
7.00
2.00
1.00
7.00
3.00
15.00
1.00
11.00
19.00
1.00
16.00
1.00
6.00
2.00
1.00
12.00
13.00
3.00
1.00
3.00
5.00
3.00
4.00
1.00
12.00
1.00
16.00
1.00
1.00
9.00
2.00
7.00
9.00
4.00
14.00
9.00
8.00
2.00
2.00
9.00
2.00
3.00
3.00
2.00
2.00
7.00
2.00
17.00
17.00
5.00
6.00
3.00
2.00
5.00
5.00
9.00
2.00
1.00
1.00
1.00
1.00
1.00
3.00
3.00
3.00
9.00
3.00
2.00
2.00
13.00
1.00
12.00
5.00
40.00
20.00
9.00
18.00
12.00
8.00
11.00
8.00
1.00
5.00
2.00
1.00
3.00
2.00
8.00
9.00
2.00
10.00
2.00
9.00
5.00
1.00
2.00
12.00
21.00
2.00
5.00
2.00
19.00
12.00
7.00
7.00
18.00
3.00
1.00
14.00
3.00
1.00
7.00
9.00
6.00
4.00
1.00
1.00
3.00
3.00
1.00
4.00
5.00
1.00
5.00
1.00
2.00
1.00
1.00
9.00
1.00
14.00
14.00
28.00
5.00
6.00
7.00
2.00
20.00
2.00
4.00
1.00
3.00
3.00
18.00
8.00
3.00
3.00
2.00
3.00
8.00
1.00
2.00
3.00
4.00
12.00
12.00
6.00
9.00
1.00
4.00
5.00
1.00
3.00
3.00
2.00
9.00
1.00
5.00
8.00
3.00
6.00
23.00
1.00
2.00
2.00
13.00
13.00
12.00
7.00
2.00
1.00
3.00
1.00
4.00
24.00
30.00
1.00
3.00
28.00
1.00
12.00
4.00
3.00
2.00
2.00
3.00
16.00
6.00
3.00
9.00
8.00
12.00
17.00
5.00
2.00
11.00
9.00
15.00
9.00
11.00
19.00
1.00
1.00
4.00
2.00
1.00
12.00
24.00
1.00
2.00
2.00
2.00
18.00
3.00
1.00
6.00
8.00
5.00
5.00
1.00
5.00
13.00
4.00
4.00
3.00
4.00
4.00
17.00
1.00
3.00
2.00
3.00
2.00
1.00
1.00
9.00
7.00
24.00
1.00
18.00
3.00
30.00
8.00
5.00
3.00
3.00
14.00
5.00
1.00
2.00
7.00
6.00
9.00
5.00
1.00
19.00
10.00
2.00
2.00
11.00
1.00
7.00
3.00
6.00
2.00
6.00
