23
13
11
7
2
2
0
0
9
34
31
7
12
17
0
1
0
5
0
1
0
8
16
39
18
20
12
4
0
0
0
0
7
45
66
14
3
15
19
4
0
0
0
0
2
29
22
36
13
1
48
9
0
0
0
0
4
15
53
37
41
22
11
6
6
0
0
0
0
9
12
55
28
21
15
5
0
0
0
0
0
26
6
14
49
29
14
5
0
0
1
0
1
20
44
34
39
3
2
0
0
0
0
1
24
40
24
34
41
31
29
1
0
0
0
0
26
18
6
42
25
30
52
1
13
3
1
5
1
15
64
28
13
13
31
8
3
0
0
0
1
23
28
19
28
8
8
10
0
1
15
0
2
18
4
18
22
5
9
0
0
0
2
0
5
1
35
22
36
12
16
2
1
0
1
0
9
23
51
46
56
16
7
3
3
1
0
0
5
0
42
33
57
7
18
1
0
0
5
0
20
43
32
29
23
10
7
1
5
0
0
0
13
18
2
12
8
4
23
0
0
0
0
5
2
20
19
13
42
26
9
0
0
0
0
1
8
19
43
21
4
42
15
0
1
0
5
6
4
36
24
34
17
14
40
10
0
0
0
0
3
4
5
26
37
38
6
1
3
0
0
2
10
27
33
21
66
29
17
8
1
0
1
2
6
16
35
57
8
39
3
15
29
0
0
2
0
15
25
26
50
7
5
0
0
0
0
0
4
7
29
16
38
17
9
12
0
0
7
0
10
22
43
39
27
6
9
0
1
0
0
0
0
21
29
28
7
1
18
0
4
0
0
0
0
12
10
33
30
8
11
0
1
8
3
2
0
27
14
56
