66.00
14.00
112.00
7.00
30.00
846.00
88.00
211.00
101.00
77.00
95.00
769.00
222.00
36.00
183.00
5.00
120.00
3.00
97.00
18.00
27.00
827.00
79.00
26.00
36.00
36.00
15.00
8.00
27.00
119.00
185.00
78.00
10.00
892.00
310.00
100.00
152.00
32.00
9.00
17.00
630.00
131.00
113.00
33.00
2.00
3.00
118.00
9.00
2.00
12.00
94.00
32.00
5.00
73.00
37.00
33.00
64.00
1004.00
10.00
12.00
23.00
67.00
49.00
182.00
491.00
99.00
10.00
240.00
72.00
1.00
241.00
7.00
4.00
1.00
11.00
4.00
74.00
1.00
13.00
2.00
41.00
157.00
834.00
53.00
64.00
22.00
66.00
4.00
49.00
52.00
9.00
38.00
932.00
84.00
1.00
173.00
5.00
53.00
83.00
20.00
12.00
40.00
26.00
4.00
7.00
26.00
40.00
11.00
1.00
31.00
749.00
112.00
218.00
46.00
23.00
4.00
18.00
116.00
1.00
18.00
21.00
5.00
72.00
9.00
5.00
19.00
162.00
283.00
283.00
7.00
75.00
95.00
31.00
43.00
143.00
1.00
252.00
22.00
135.00
674.00
39.00
35.00
1.00
18.00
109.00
195.00
4.00
11.00
26.00
13.00
14.00
268.00
624.00
203.00
226.00
2.00
80.00
140.00
766.00
1.00
209.00
77.00
13.00
28.00
63.00
67.00
2.00
1.00
48.00
321.00
50.00
727.00
3.00
9.00
2.00
120.00
21.00
7.00
2.00
72.00
1.00
23.00
24.00
17.00
31.00
23.00
1061.00
85.00
119.00
1.00
6.00
6.00
48.00
21.00
116.00
808.00
1.00
27.00
3.00
318.00
1.00
5.00
62.00
224.00
92.00
232.00
592.00
120.00
2.00
453.00
21.00
353.00
366.00
93.00
171.00
64.00
8.00
65.00
64.00
2.00
29.00
98.00
965.00
3.00
26.00
70.00
24.00
1.00
77.00
237.00
1.00
2.00
37.00
41.00
681.00
100.00
10.00
34.00
43.00
10.00
1.00
9.00
7.00
227.00
130.00
146.00
43.00
22.00
24.00
714.00
58.00
271.00
15.00
5.00
20.00
2.00
46.00
2.00
1.00
6.00
75.00
3.00
1.00
1.00
2.00
1.00
1.00
902.00
21.00
29.00
111.00
189.00
1.00
10.00
1.00
21.00
22.00
3.00
29.00
23.00
40.00
98.00
4.00
2.00
698.00
225.00
4.00
1.00
14.00
12.00
4.00
2.00
3.00
1.00
9.00
2.00
5.00
1.00
30.00
6.00
90.00
1.00
84.00
9.00
241.00
67.00
18.00
1.00
170.00
373.00
8.00
193.00
70.00
11.00
44.00
15.00
3.00
15.00
20.00
1.00
234.00
372.00
402.00
79.00
1.00
209.00
123.00
16.00
107.00
8.00
9.00
1.00
840.00
20.00
1.00
10.00
4.00
110.00
9.00
1.00
9.00
68.00
159.00
3.00
2.00
30.00
24.00
148.00
819.00
225.00
1198.00
24.00
224.00
58.00
3.00
81.00
39.00
759.00
263.00
203.00
11.00
16.00
7.00
11.00
