10
16
9
16
0
0
0
0
0
17
38
44
72
0
4
9
5
0
0
0
2
9
27
36
38
25
6
15
0
3
0
0
0
14
63
37
48
3
10
0
3
0
0
0
2
13
3
29
23
30
27
7
7
1
0
0
0
12
41
35
22
6
12
10
0
0
0
0
0
27
52
61
17
4
27
11
3
0
0
0
0
22
3
22
40
3
4
7
2
0
0
0
0
10
12
24
10
23
0
2
0
0
0
0
0
7
34
41
31
39
11
0
3
1
0
0
1
23
20
12
27
46
45
21
0
0
0
0
4
10
7
34
27
48
21
5
2
0
0
0
0
12
49
33
21
22
8
0
0
0
0
0
0
27
8
24
79
32
27
0
8
0
0
0
0
11
17
40
44
8
34
0
2
2
0
2
0
42
52
34
11
15
19
4
0
0
0
0
3
13
12
14
6
36
18
8
15
0
0
0
0
6
43
30
4
16
7
4
0
0
1
0
0
6
16
33
36
23
30
16
0
7
0
0
5
5
42
30
18
9
9
24
3
0
0
0
1
16
43
12
36
14
57
2
3
0
0
0
0
5
10
16
11
36
33
10
0
0
0
0
0
1
23
39
86
28
47
15
0
0
0
0
0
6
42
22
8
22
11
1
1
0
0
0
0
5
40
11
53
43
0
0
0
0
0
0
0
12
39
27
27
19
11
10
0
0
0
0
0
29
26
46
19
48
39
0
0
0
0
0
2
21
44
14
46
20
30
13
0
0
0
0
0
32
47
65
60
31
10
2
2
0
0
7
0
20
20
19
28
11
24
5
0
0
0
0
0
15
13
39
