14.00
3.00
41.00
1.00
8.00
10.00
3.00
94.00
5.00
22.00
100.00
31.00
694.00
22.00
1.00
1.00
29.00
1.00
76.00
12.00
14.00
10.00
4.00
65.00
3.00
70.00
4.00
7.00
74.00
80.00
3.00
2.00
6.00
626.00
125.00
1.00
71.00
146.00
4.00
1.00
1.00
15.00
1.00
90.00
60.00
11.00
6.00
5.00
100.00
3.00
24.00
56.00
11.00
1.00
1.00
10.00
10.00
12.00
23.00
12.00
71.00
1.00
1.00
3.00
1.00
1.00
255.00
370.00
6.00
1.00
1.00
1.00
3.00
39.00
51.00
13.00
13.00
10.00
4.00
4.00
5.00
12.00
3.00
11.00
5.00
19.00
43.00
55.00
16.00
100.00
25.00
43.00
70.00
10.00
91.00
22.00
386.00
303.00
1.00
2.00
13.00
27.00
23.00
8.00
8.00
14.00
43.00
9.00
90.00
1.00
38.00
2.00
1.00
28.00
10.00
55.00
1.00
2.00
22.00
2.00
112.00
1.00
1.00
6.00
10.00
16.00
5.00
1.00
12.00
69.00
1.00
37.00
518.00
125.00
15.00
76.00
1.00
1.00
16.00
8.00
1.00
56.00
29.00
1.00
18.00
1.00
48.00
11.00
20.00
22.00
6.00
9.00
70.00
37.00
8.00
20.00
59.00
86.00
68.00
4.00
11.00
15.00
251.00
152.00
56.00
81.00
7.00
1.00
37.00
11.00
2.00
29.00
79.00
2.00
1.00
15.00
12.00
14.00
1.00
4.00
9.00
19.00
1.00
10.00
3.00
20.00
13.00
2.00
47.00
2.00
12.00
1.00
1.00
105.00
18.00
33.00
105.00
27.00
268.00
147.00
2.00
8.00
224.00
2.00
15.00
29.00
12.00
10.00
41.00
45.00
1.00
119.00
6.00
1.00
2.00
11.00
1.00
2.00
44.00
21.00
1.00
2.00
6.00
5.00
2.00
36.00
58.00
42.00
26.00
18.00
39.00
139.00
140.00
6.00
1.00
122.00
220.00
3.00
49.00
21.00
49.00
9.00
11.00
2.00
18.00
11.00
8.00
14.00
7.00
2.00
5.00
18.00
51.00
6.00
2.00
49.00
5.00
13.00
5.00
7.00
35.00
1.00
111.00
247.00
355.00
7.00
144.00
5.00
1.00
1.00
34.00
8.00
1.00
15.00
7.00
16.00
18.00
25.00
5.00
27.00
3.00
9.00
51.00
1.00
2.00
11.00
98.00
11.00
8.00
3.00
17.00
4.00
1.00
14.00
7.00
11.00
10.00
23.00
5.00
3.00
23.00
52.00
1.00
1.00
2.00
522.00
1.00
72.00
13.00
42.00
14.00
29.00
50.00
18.00
1.00
15.00
20.00
28.00
26.00
5.00
16.00
62.00
2.00
6.00
28.00
9.00
4.00
6.00
2.00
3.00
1.00
9.00
2.00
115.00
20.00
6.00
29.00
5.00
2.00
3.00
1.00
2.00
2.00
15.00
1.00
44.00
100.00
2.00
4.00
1.00
97.00
3.00
2.00
1.00
7.00
118.00
1.00
37.00
170.00
66.00
35.00
5.00
1.00
1.00
61.00
63.00
2.00
11.00
4.00
41.00
26.00
74.00
18.00
1.00
52.00
1.00
176.00
6.00
11.00
1.00
13.00
69.00
41.00
2.00
24.00
14.00
1.00
26.00
194.00
72.00
268.00
14.00
29.00
11.00
7.00
1.00
23.00
24.00
4.00
11.00
24.00
58.00
1.00
1.00
1.00
7.00
6.00
22.00
5.00
1.00
44.00
11.00
67.00
4.00
4.00
16.00
9.00
14.00
159.00
6.00
79.00
10.00
212.00
3.00
1.00
22.00
165.00
6.00
5.00
199.00
94.00
5.00
33.00
13.00
18.00
23.00
1.00
10.00
1.00
42.00
61.00
60.00
3.00
19.00
1.00
58.00
135.00
1.00
20.00
680.00
60.00
1.00
43.00
21.00
126.00
65.00
9.00
9.00
14.00
18.00
3.00
20.00
6.00
1.00
12.00
50.00
39.00
26.00
36.00
6.00
44.00
19.00
149.00
3.00
9.00
28.00
2.00
100.00
244.00
165.00
16.00
26.00
1.00
1.00
44.00
28.00
19.00
11.00
34.00
3.00
1.00
6.00
45.00
17.00
4.00
30.00
1.00
2.00
11.00
1.00
1.00
1.00
25.00
19.00
12.00
1.00
1.00
6.00
4.00
10.00
1.00
14.00
17.00
7.00
16.00
1.00
4.00
50.00
3.00
15.00
1.00
15.00
155.00
4.00
18.00
1.00
6.00
11.00
136.00
372.00
46.00
24.00
62.00
14.00
56.00
18.00
1.00
20.00
1.00
12.00
6.00
10.00
1.00
20.00
14.00
12.00
48.00
3.00
24.00
15.00
18.00
1.00
1.00
1.00
55.00
55.00
1.00
9.00
78.00
1.00
215.00
127.00
116.00
1.00
2.00
106.00
61.00
3.00
48.00
3.00
14.00
11.00
23.00
8.00
15.00
7.00
12.00
4.00
22.00
1.00
8.00
6.00
23.00
13.00
74.00
7.00
25.00
2.00
15.00
4.00
1.00
12.00
21.00
13.00
2.00
18.00
60.00
29.00
44.00
6.00
1.00
48.00
1.00
26.00
163.00
1.00
56.00
6.00
204.00
228.00
23.00
1.00
3.00
15.00
1.00
1.00
1.00
35.00
36.00
19.00
9.00
101.00
2.00
24.00
3.00
14.00
107.00
210.00
1.00
12.00
9.00
1.00
28.00
2.00
19.00
11.00
325.00
7.00
260.00
5.00
86.00
1.00
1.00
2.00
7.00
27.00
7.00
22.00
1.00
4.00
3.00
65.00
4.00
58.00
14.00
25.00
10.00
9.00
2.00
5.00
58.00
1.00
21.00
9.00
14.00
1.00
1.00
27.00
85.00
5.00
4.00
40.00
11.00
28.00
193.00
122.00
97.00
104.00
25.00
95.00
13.00
64.00
1.00
5.00
11.00
20.00
57.00
18.00
25.00
9.00
1.00
2.00
26.00
5.00
1.00
6.00
20.00
70.00
3.00
1.00
26.00
130.00
3.00
32.00
4.00
1.00
1.00
11.00
6.00
8.00
1.00
35.00
1.00
14.00
2.00
10.00
79.00
1.00
1.00
174.00
172.00
32.00
1.00
49.00
116.00
64.00
9.00
21.00
3.00
2.00
77.00
6.00
6.00
1.00
3.00
5.00
1.00
1.00
92.00
3.00
23.00
20.00
8.00
10.00
8.00
24.00
17.00
22.00
54.00
1.00
14.00
13.00
3.00
32.00
22.00
16.00
1.00
1.00
37.00
10.00
19.00
50.00
1.00
266.00
329.00
1.00
32.00
10.00
1.00
3.00
3.00
5.00
3.00
13.00
9.00
54.00
18.00
1.00
25.00
166.00
8.00
10.00
3.00
44.00
1.00
1.00
5.00
2.00
66.00
1.00
2.00
3.00
3.00
17.00
108.00
1.00
1.00
74.00
35.00
13.00
256.00
1.00
1.00
98.00
11.00
168.00
12.00
40.00
10.00
5.00
12.00
5.00
3.00
1.00
5.00
6.00
8.00
1.00
3.00
8.00
18.00
1.00
1.00
11.00
8.00
7.00
2.00
4.00
10.00
23.00
8.00
16.00
3.00
73.00
12.00
4.00
1.00
10.00
1.00
2.00
1.00
1.00
6.00
13.00
22.00
7.00
1.00
5.00
9.00
21.00
4.00
58.00
26.00
3.00
54.00
1.00
107.00
39.00
83.00
1.00
106.00
67.00
3.00
13.00
78.00
62.00
1.00
44.00
51.00
46.00
3.00
1.00
12.00
62.00
10.00
2.00
3.00
4.00
4.00
2.00
4.00
2.00
4.00
1.00
1.00
3.00
11.00
3.00
6.00
16.00
72.00
82.00
16.00
1.00
7.00
89.00
1.00
99.00
19.00
2.00
27.00
2.00
1.00
10.00
168.00
169.00
186.00
14.00
1.00
25.00
30.00
23.00
39.00
24.00
1.00
13.00
1.00
10.00
35.00
2.00
12.00
1.00
4.00
17.00
15.00
12.00
1.00
4.00
8.00
1.00
1.00
1.00
3.00
12.00
1.00
65.00
1.00
6.00
139.00
8.00
1.00
223.00
148.00
1.00
279.00
58.00
47.00
9.00
21.00
50.00
17.00
1.00
13.00
17.00
32.00
7.00
27.00
1.00
47.00
9.00
4.00
68.00
28.00
12.00
2.00
1.00
59.00
33.00
9.00
2.00
2.00
1.00
1.00
1.00
6.00
107.00
1.00
1.00
26.00
2.00
1.00
1.00
343.00
1.00
1.00
295.00
16.00
5.00
19.00
6.00
2.00
48.00
1.00
19.00
1.00
3.00
4.00
1.00
1.00
5.00
1.00
8.00
45.00
2.00
1.00
40.00
15.00
3.00
17.00
1.00
14.00
22.00
29.00
23.00
1.00
4.00
13.00
1.00
103.00
38.00
14.00
245.00
142.00
7.00
46.00
1.00
2.00
114.00
3.00
2.00
22.00
121.00
5.00
23.00
14.00
2.00
9.00
1.00
7.00
6.00
19.00
1.00
19.00
1.00
1.00
31.00
17.00
1.00
7.00
29.00
1.00
27.00
23.00
18.00
1.00
1.00
17.00
101.00
42.00
138.00
11.00
3.00
31.00
9.00
2.00
218.00
1.00
315.00
2.00
148.00
1.00
1.00
3.00
30.00
29.00
11.00
18.00
12.00
1.00
11.00
73.00
113.00
6.00
15.00
15.00
12.00
3.00
15.00
16.00
3.00
1.00
8.00
2.00
14.00
13.00
113.00
41.00
15.00
27.00
1.00
123.00
143.00
133.00
100.00
3.00
2.00
1.00
11.00
81.00
171.00
30.00
33.00
7.00
1.00
2.00
1.00
15.00
89.00
1.00
1.00
11.00
2.00
5.00
9.00
32.00
