18.00
38.00
15.00
8.00
1.00
3.00
93.00
11.00
21.00
100.00
1.00
24.00
9.00
1.00
136.00
78.00
474.00
21.00
3.00
39.00
30.00
2.00
64.00
11.00
3.00
3.00
65.00
7.00
69.00
6.00
6.00
76.00
53.00
25.00
3.00
3.00
184.00
246.00
57.00
241.00
211.00
17.00
26.00
21.00
90.00
55.00
10.00
6.00
6.00
1.00
98.00
5.00
21.00
67.00
1.00
10.00
7.00
2.00
11.00
23.00
15.00
65.00
9.00
8.00
694.00
56.00
5.00
12.00
10.00
14.00
13.00
3.00
2.00
5.00
20.00
31.00
12.00
55.00
42.00
100.00
111.00
6.00
10.00
17.00
64.00
27.00
651.00
54.00
1.00
22.00
8.00
9.00
1.00
3.00
4.00
8.00
35.00
13.00
2.00
15.00
10.00
27.00
21.00
28.00
11.00
37.00
77.00
54.00
112.00
1.00
1.00
6.00
10.00
20.00
9.00
14.00
630.00
68.00
12.00
44.00
15.00
75.00
5.00
15.00
9.00
2.00
56.00
1.00
30.00
18.00
41.00
5.00
7.00
19.00
22.00
8.00
6.00
71.00
37.00
27.00
59.00
89.00
74.00
10.00
561.00
5.00
1.00
39.00
52.00
96.00
10.00
16.00
3.00
1.00
8.00
1.00
22.00
16.00
7.00
14.00
68.00
11.00
106.00
20.00
32.00
104.00
28.00
657.00
3.00
16.00
1.00
1.00
29.00
17.00
101.00
4.00
122.00
6.00
3.00
1.00
12.00
1.00
46.00
12.00
2.00
1.00
19.00
41.00
58.00
42.00
26.00
30.00
36.00
14.00
389.00
233.00
51.00
20.00
47.00
1.00
8.00
12.00
3.00
19.00
12.00
10.00
15.00
7.00
3.00
3.00
1.00
21.00
58.00
1.00
2.00
49.00
23.00
4.00
1.00
7.00
38.00
110.00
611.00
144.00
5.00
1.00
1.00
35.00
9.00
18.00
2.00
8.00
6.00
10.00
1.00
20.00
28.00
3.00
18.00
6.00
66.00
11.00
98.00
11.00
8.00
3.00
5.00
1.00
1.00
29.00
13.00
3.00
3.00
17.00
1.00
46.00
4.00
22.00
2.00
55.00
53.00
617.00
13.00
14.00
14.00
49.00
37.00
17.00
57.00
3.00
86.00
1.00
28.00
10.00
10.00
6.00
3.00
9.00
122.00
2.00
1.00
3.00
9.00
6.00
3.00
6.00
22.00
3.00
5.00
1.00
2.00
1.00
4.00
171.00
7.00
1.00
117.00
123.00
211.00
67.00
116.00
62.00
1.00
12.00
5.00
24.00
13.00
26.00
3.00
65.00
75.00
89.00
17.00
57.00
6.00
1.00
13.00
4.00
11.00
114.00
25.00
10.00
1.00
582.00
34.00
1.00
4.00
2.00
6.00
29.00
23.00
5.00
19.00
25.00
57.00
1.00
50.00
3.00
2.00
44.00
1.00
12.00
68.00
6.00
22.00
11.00
126.00
49.00
79.00
16.00
219.00
190.00
200.00
96.00
33.00
8.00
1.00
19.00
88.00
62.00
60.00
1.00
1.00
21.00
1.00
11.00
57.00
25.00
105.00
1.00
19.00
559.00
255.00
121.00
5.00
9.00
55.00
9.00
10.00
15.00
22.00
5.00
3.00
18.00
7.00
1.00
66.00
41.00
65.00
6.00
46.00
18.00
127.00
186.00
247.00
215.00
45.00
17.00
7.00
16.00
11.00
35.00
8.00
5.00
46.00
11.00
17.00
11.00
15.00
2.00
3.00
2.00
46.00
18.00
5.00
6.00
9.00
16.00
25.00
18.00
4.00
33.00
36.00
6.00
15.00
155.00
27.00
22.00
134.00
444.00
159.00
3.00
22.00
13.00
1.00
7.00
9.00
3.00
21.00
14.00
8.00
20.00
1.00
25.00
3.00
2.00
25.00
15.00
10.00
9.00
2.00
112.00
2.00
2.00
2.00
10.00
79.00
21.00
450.00
2.00
1.00
170.00
3.00
45.00
3.00
22.00
3.00
1.00
9.00
23.00
27.00
2.00
4.00
18.00
22.00
8.00
5.00
26.00
14.00
73.00
8.00
1.00
25.00
19.00
5.00
16.00
4.00
19.00
9.00
3.00
18.00
61.00
31.00
45.00
89.00
164.00
498.00
25.00
1.00
17.00
25.00
1.00
5.00
58.00
112.00
7.00
25.00
10.00
15.00
106.00
195.00
14.00
1.00
12.00
1.00
10.00
32.00
21.00
1.00
610.00
1.00
98.00
71.00
2.00
7.00
3.00
67.00
6.00
9.00
73.00
25.00
10.00
15.00
6.00
55.00
5.00
6.00
9.00
1.00
4.00
11.00
2.00
115.00
8.00
6.00
1.00
39.00
30.00
9.00
641.00
84.00
13.00
7.00
18.00
80.00
1.00
28.00
9.00
25.00
7.00
7.00
3.00
14.00
56.00
13.00
7.00
4.00
25.00
127.00
2.00
2.00
26.00
10.00
10.00
6.00
9.00
6.00
10.00
6.00
18.00
14.00
20.00
263.00
261.00
176.00
32.00
6.00
30.00
50.00
12.00
10.00
1.00
11.00
92.00
2.00
1.00
23.00
10.00
9.00
18.00
9.00
2.00
25.00
13.00
22.00
5.00
47.00
14.00
13.00
3.00
60.00
17.00
9.00
5.00
38.00
12.00
19.00
47.00
7.00
1.00
604.00
38.00
13.00
5.00
121.00
184.00
5.00
2.00
11.00
9.00
4.00
51.00
2.00
8.00
3.00
65.00
3.00
3.00
6.00
9.00
4.00
106.00
3.00
123.00
8.00
358.00
3.00
180.00
10.00
14.00
44.00
8.00
49.00
6.00
26.00
3.00
12.00
10.00
11.00
9.00
2.00
15.00
2.00
19.00
3.00
15.00
1.00
84.00
1.00
1.00
1.00
1.00
2.00
2.00
3.00
2.00
8.00
4.00
3.00
4.00
15.00
23.00
8.00
15.00
38.00
4.00
58.00
35.00
23.00
32.00
108.00
302.00
20.00
149.00
2.00
146.00
12.00
6.00
88.00
2.00
10.00
5.00
2.00
3.00
3.00
1.00
2.00
3.00
3.00
4.00
7.00
10.00
6.00
27.00
78.00
63.00
20.00
12.00
3.00
6.00
1.00
86.00
111.00
20.00
2.00
7.00
17.00
2.00
1.00
1.00
1.00
16.00
1.00
338.00
204.00
3.00
25.00
124.00
13.00
1.00
10.00
6.00
58.00
31.00
16.00
18.00
4.00
8.00
5.00
7.00
4.00
12.00
3.00
68.00
6.00
142.00
3.00
1.00
656.00
58.00
58.00
23.00
77.00
1.00
12.00
36.00
10.00
6.00
1.00
27.00
57.00
3.00
70.00
28.00
12.00
3.00
2.00
8.00
86.00
9.00
1.00
1.00
1.00
4.00
4.00
1.00
8.00
108.00
3.00
33.00
1.00
306.00
1.00
3.00
29.00
297.00
1.00
19.00
1.00
63.00
26.00
5.00
21.00
4.00
3.00
2.00
19.00
14.00
29.00
56.00
15.00
11.00
53.00
1.00
26.00
3.00
15.00
59.00
40.00
7.00
39.00
13.00
247.00
528.00
21.00
43.00
1.00
19.00
36.00
10.00
3.00
23.00
18.00
14.00
23.00
19.00
16.00
64.00
15.00
8.00
11.00
59.00
134.00
2.00
54.00
10.00
195.00
2.00
573.00
24.00
3.00
1.00
2.00
50.00
11.00
102.00
10.00
6.00
16.00
15.00
17.00
1.00
16.00
17.00
6.00
2.00
9.00
3.00
12.00
15.00
115.00
3.00
41.00
1.00
1.00
11.00
34.00
266.00
133.00
122.00
259.00
31.00
30.00
2.00
5.00
1.00
2.00
15.00
92.00
15.00
1.00
4.00
11.00
33.00
