59.00
35.00
6.00
4.00
29.00
37.00
145.00
3.00
27.00
1.00
3.00
10.00
721.00
30.00
5.00
27.00
6.00
44.00
7.00
32.00
19.00
1.00
45.00
8.00
4.00
1.00
12.00
21.00
9.00
1.00
159.00
33.00
50.00
12.00
1.00
1.00
42.00
80.00
1.00
8.00
22.00
545.00
68.00
78.00
3.00
9.00
1.00
3.00
7.00
43.00
81.00
2.00
5.00
23.00
89.00
2.00
15.00
26.00
58.00
65.00
19.00
17.00
11.00
207.00
523.00
29.00
12.00
15.00
10.00
34.00
1.00
4.00
3.00
7.00
1.00
1.00
75.00
1.00
11.00
21.00
8.00
11.00
42.00
132.00
10.00
9.00
236.00
552.00
3.00
22.00
15.00
1.00
2.00
149.00
42.00
4.00
31.00
10.00
4.00
10.00
2.00
116.00
12.00
2.00
4.00
1.00
12.00
37.00
5.00
8.00
19.00
9.00
8.00
22.00
33.00
1.00
9.00
59.00
85.00
102.00
524.00
18.00
25.00
12.00
23.00
3.00
9.00
19.00
9.00
4.00
15.00
16.00
4.00
12.00
9.00
1.00
6.00
20.00
6.00
48.00
13.00
2.00
58.00
8.00
2.00
73.00
5.00
41.00
86.00
7.00
43.00
3.00
10.00
680.00
23.00
68.00
6.00
13.00
1.00
2.00
25.00
30.00
23.00
2.00
5.00
3.00
21.00
19.00
157.00
56.00
3.00
1.00
26.00
9.00
1.00
39.00
1.00
109.00
649.00
20.00
5.00
37.00
48.00
100.00
8.00
102.00
9.00
2.00
5.00
16.00
103.00
1.00
33.00
105.00
5.00
109.00
650.00
52.00
4.00
94.00
32.00
63.00
76.00
15.00
18.00
45.00
28.00
47.00
1.00
1.00
6.00
178.00
686.00
84.00
40.00
1.00
45.00
9.00
7.00
6.00
5.00
37.00
25.00
12.00
7.00
37.00
23.00
6.00
27.00
6.00
5.00
4.00
11.00
9.00
7.00
65.00
1.00
52.00
20.00
138.00
151.00
387.00
67.00
91.00
1.00
67.00
1.00
4.00
27.00
8.00
129.00
69.00
3.00
18.00
4.00
10.00
12.00
8.00
14.00
3.00
1.00
1.00
17.00
37.00
20.00
33.00
18.00
33.00
614.00
100.00
9.00
3.00
58.00
59.00
7.00
9.00
4.00
19.00
6.00
1.00
79.00
4.00
64.00
1.00
6.00
7.00
1.00
7.00
60.00
9.00
7.00
38.00
1.00
11.00
1.00
130.00
42.00
31.00
563.00
16.00
25.00
9.00
66.00
1.00
2.00
16.00
26.00
12.00
9.00
9.00
34.00
42.00
1.00
22.00
13.00
10.00
9.00
6.00
95.00
61.00
23.00
5.00
829.00
14.00
19.00
6.00
41.00
11.00
34.00
6.00
47.00
7.00
17.00
69.00
6.00
10.00
3.00
1.00
1.00
2.00
5.00
1.00
4.00
2.00
52.00
1.00
3.00
2.00
21.00
21.00
8.00
6.00
36.00
163.00
3.00
646.00
26.00
34.00
29.00
21.00
16.00
6.00
1.00
22.00
35.00
49.00
51.00
5.00
11.00
3.00
16.00
37.00
77.00
6.00
12.00
5.00
1.00
1.00
3.00
1.00
16.00
4.00
10.00
1.00
1.00
161.00
42.00
93.00
266.00
206.00
1.00
1.00
31.00
1.00
5.00
3.00
47.00
10.00
22.00
11.00
7.00
7.00
12.00
7.00
9.00
135.00
14.00
98.00
95.00
10.00
17.00
707.00
1.00
61.00
35.00
15.00
30.00
37.00
97.00
1.00
51.00
119.00
1.00
20.00
1.00
15.00
22.00
69.00
10.00
22.00
9.00
1.00
7.00
10.00
8.00
30.00
3.00
80.00
1.00
34.00
622.00
1.00
2.00
46.00
33.00
20.00
11.00
6.00
32.00
6.00
17.00
86.00
100.00
27.00
30.00
8.00
7.00
67.00
145.00
346.00
336.00
21.00
89.00
21.00
40.00
3.00
2.00
24.00
42.00
45.00
20.00
9.00
15.00
1.00
2.00
7.00
41.00
1.00
32.00
27.00
1.00
12.00
3.00
32.00
30.00
2.00
12.00
24.00
15.00
25.00
39.00
155.00
64.00
305.00
72.00
3.00
1.00
99.00
81.00
7.00
5.00
3.00
14.00
13.00
9.00
1.00
23.00
1.00
47.00
2.00
14.00
3.00
27.00
39.00
14.00
146.00
14.00
71.00
1.00
3.00
34.00
37.00
34.00
1.00
485.00
155.00
2.00
6.00
44.00
2.00
21.00
22.00
24.00
44.00
22.00
4.00
5.00
102.00
1.00
15.00
8.00
41.00
38.00
1.00
18.00
11.00
1.00
12.00
5.00
1.00
14.00
88.00
119.00
561.00
182.00
1.00
1.00
2.00
121.00
3.00
76.00
85.00
6.00
1.00
1.00
10.00
6.00
6.00
13.00
39.00
19.00
1.00
1.00
1.00
13.00
1.00
10.00
1.00
43.00
769.00
111.00
18.00
22.00
13.00
23.00
1.00
26.00
26.00
5.00
2.00
4.00
58.00
5.00
9.00
10.00
7.00
9.00
1.00
6.00
1.00
5.00
6.00
25.00
3.00
3.00
28.00
5.00
20.00
12.00
28.00
642.00
1.00
29.00
28.00
70.00
8.00
17.00
38.00
1.00
26.00
5.00
18.00
111.00
10.00
20.00
72.00
1.00
1.00
3.00
5.00
28.00
4.00
84.00
2.00
6.00
6.00
4.00
2.00
47.00
145.00
608.00
62.00
1.00
1.00
13.00
1.00
9.00
5.00
7.00
13.00
9.00
5.00
76.00
23.00
57.00
10.00
6.00
4.00
7.00
2.00
13.00
2.00
4.00
5.00
15.00
42.00
904.00
31.00
72.00
5.00
4.00
5.00
10.00
17.00
8.00
6.00
9.00
8.00
73.00
68.00
17.00
56.00
46.00
57.00
27.00
51.00
22.00
717.00
20.00
7.00
24.00
3.00
1.00
43.00
10.00
3.00
9.00
21.00
9.00
1.00
4.00
46.00
24.00
2.00
1.00
49.00
14.00
3.00
33.00
6.00
37.00
10.00
3.00
1.00
12.00
1.00
10.00
17.00
22.00
10.00
756.00
61.00
39.00
12.00
1.00
4.00
17.00
37.00
8.00
61.00
10.00
2.00
39.00
11.00
11.00
3.00
2.00
29.00
11.00
79.00
11.00
11.00
52.00
13.00
50.00
19.00
21.00
1.00
666.00
7.00
13.00
3.00
1.00
20.00
18.00
7.00
13.00
1.00
3.00
12.00
30.00
17.00
6.00
11.00
15.00
16.00
2.00
6.00
10.00
4.00
2.00
1.00
36.00
24.00
2.00
14.00
1.00
17.00
9.00
1.00
33.00
33.00
8.00
23.00
92.00
121.00
19.00
382.00
227.00
1.00
7.00
57.00
9.00
64.00
1.00
47.00
13.00
4.00
81.00
15.00
15.00
3.00
62.00
1.00
22.00
50.00
49.00
1.00
46.00
58.00
693.00
48.00
34.00
13.00
37.00
53.00
14.00
11.00
3.00
45.00
12.00
