8
13
8
0
0
0
0
0
0
0
9
0
4
7
0
0
0
0
0
0
0
0
4
10
12
9
3
0
0
0
0
0
0
8
22
1
0
6
6
2
0
0
0
0
0
5
4
7
7
0
31
9
0
0
0
0
0
5
27
25
19
18
4
0
0
0
0
0
0
0
0
17
18
6
7
0
0
0
0
0
0
6
2
13
31
25
0
0
0
0
0
0
0
12
16
15
25
0
0
0
0
0
0
0
3
3
2
21
33
23
16
0
0
0
0
0
0
6
2
18
18
26
22
0
0
0
0
0
0
5
14
11
9
0
13
0
0
0
0
0
0
5
1
17
31
9
3
0
0
0
0
0
0
0
3
10
21
0
3
0
0
0
0
0
0
0
11
12
29
6
5
0
0
0
0
0
0
3
19
31
19
9
1
0
0
0
0
0
0
0
23
15
47
7
4
0
0
0
0
0
0
15
9
18
5
3
5
0
0
0
0
0
0
4
0
5
0
0
8
0
0
0
0
0
0
0
8
1
8
14
0
0
0
0
0
0
0
15
15
10
0
17
6
0
0
0
0
0
0
23
21
3
1
2
24
0
0
0
0
0
0
0
0
25
33
29
0
0
0
0
0
0
0
2
10
0
53
31
10
0
0
0
0
0
0
12
31
50
11
30
1
1
1
0
0
0
0
2
2
24
63
0
1
0
0
0
0
0
0
1
2
0
27
2
15
0
0
0
0
0
0
3
16
11
15
1
1
0
0
0
0
0
0
2
0
11
0
0
2
0
0
0
0
0
0
0
0
2
22
6
1
0
0
0
0
0
0
4
11
49
