6
9
2
0
0
0
0
0
0
0
1
24
47
0
0
0
0
0
0
0
0
0
4
28
13
9
0
1
0
0
0
0
0
1
12
23
37
0
2
0
0
0
0
0
0
0
0
7
10
11
10
0
0
0
0
0
0
0
14
9
4
0
7
2
0
0
0
0
0
7
28
14
6
0
3
5
0
0
0
0
0
0
0
0
35
0
0
5
0
0
0
0
0
0
0
9
0
2
2
0
0
0
0
0
0
0
2
11
14
36
0
0
0
0
0
0
0
0
3
4
7
26
20
2
0
0
0
0
0
0
0
3
5
34
0
0
0
0
0
0
0
0
31
9
2
19
6
0
0
0
0
0
0
4
3
2
57
27
12
0
0
0
0
0
0
0
0
12
19
0
7
0
0
0
0
0
0
0
12
14
0
12
8
1
0
0
0
0
0
0
0
0
0
34
3
1
0
0
0
0
0
0
11
5
0
8
4
0
0
0
0
0
0
0
5
24
14
17
1
7
0
0
0
0
0
0
13
0
1
6
0
0
0
0
0
0
0
0
9
1
34
8
28
0
0
0
0
0
0
0
0
10
0
15
10
3
0
0
0
0
0
0
18
12
47
8
10
1
0
0
0
0
0
0
3
2
3
1
0
0
0
0
0
0
0
0
4
1
24
19
0
0
0
0
0
0
0
0
5
6
12
0
5
0
0
0
0
0
0
4
1
14
3
35
16
0
0
0
0
0
0
0
17
0
6
9
17
3
0
0
0
0
0
2
14
28
43
13
0
0
0
0
0
0
0
3
1
6
17
0
0
0
0
0
0
0
0
0
0
3
