1.00
1.00
5.00
1.00
11.00
3.00
2.00
5.00
14.00
9.00
6.00
7.00
12.00
1.00
1.00
23.00
5.00
8.00
2.00
1.00
15.00
3.00
7.00
4.00
6.00
7.00
2.00
5.00
6.00
1.00
7.00
4.00
2.00
4.00
1.00
8.00
1.00
2.00
5.00
1.00
3.00
1.00
7.00
3.00
10.00
12.00
8.00
5.00
14.00
2.00
1.00
1.00
7.00
1.00
2.00
5.00
3.00
6.00
1.00
2.00
1.00
1.00
3.00
1.00
1.00
5.00
1.00
1.00
2.00
2.00
3.00
4.00
1.00
17.00
2.00
12.00
17.00
5.00
6.00
2.00
3.00
1.00
1.00
32.00
10.00
10.00
1.00
4.00
1.00
2.00
15.00
4.00
8.00
1.00
6.00
1.00
1.00
1.00
1.00
2.00
1.00
2.00
17.00
6.00
3.00
3.00
7.00
9.00
17.00
6.00
1.00
7.00
8.00
8.00
2.00
1.00
1.00
1.00
1.00
1.00
2.00
3.00
6.00
2.00
14.00
17.00
1.00
8.00
13.00
3.00
1.00
1.00
2.00
13.00
2.00
11.00
7.00
3.00
4.00
24.00
8.00
5.00
1.00
1.00
6.00
39.00
2.00
4.00
13.00
4.00
6.00
3.00
8.00
3.00
1.00
6.00
7.00
2.00
3.00
4.00
1.00
1.00
1.00
1.00
3.00
2.00
1.00
1.00
8.00
1.00
2.00
1.00
3.00
2.00
1.00
8.00
9.00
10.00
5.00
16.00
11.00
1.00
4.00
2.00
2.00
12.00
3.00
3.00
5.00
9.00
2.00
15.00
2.00
10.00
4.00
1.00
2.00
6.00
1.00
2.00
2.00
1.00
6.00
8.00
4.00
10.00
10.00
1.00
1.00
4.00
6.00
16.00
4.00
8.00
6.00
17.00
11.00
1.00
4.00
2.00
1.00
6.00
1.00
2.00
8.00
11.00
6.00
7.00
1.00
1.00
1.00
1.00
1.00
1.00
1.00
4.00
7.00
5.00
2.00
1.00
6.00
10.00
1.00
3.00
3.00
5.00
7.00
11.00
2.00
5.00
19.00
6.00
1.00
18.00
8.00
3.00
3.00
23.00
6.00
10.00
1.00
2.00
1.00
2.00
1.00
1.00
9.00
1.00
3.00
1.00
12.00
1.00
3.00
15.00
17.00
4.00
11.00
6.00
1.00
3.00
5.00
1.00
4.00
20.00
6.00
7.00
4.00
6.00
27.00
16.00
2.00
2.00
3.00
25.00
1.00
2.00
6.00
1.00
14.00
10.00
12.00
3.00
1.00
2.00
1.00
1.00
2.00
5.00
1.00
5.00
10.00
11.00
4.00
1.00
1.00
10.00
3.00
1.00
10.00
1.00
2.00
2.00
1.00
7.00
2.00
10.00
12.00
10.00
13.00
3.00
3.00
1.00
2.00
31.00
3.00
1.00
5.00
9.00
14.00
2.00
5.00
1.00
14.00
1.00
2.00
3.00
1.00
1.00
1.00
16.00
1.00
2.00
3.00
1.00
4.00
2.00
2.00
3.00
6.00
1.00
7.00
3.00
1.00
1.00
16.00
17.00
20.00
6.00
11.00
7.00
2.00
22.00
2.00
3.00
7.00
1.00
1.00
14.00
15.00
3.00
3.00
1.00
4.00
1.00
3.00
1.00
2.00
1.00
1.00
2.00
1.00
5.00
1.00
2.00
1.00
1.00
4.00
5.00
10.00
9.00
3.00
3.00
7.00
9.00
6.00
1.00
1.00
1.00
4.00
16.00
3.00
6.00
12.00
14.00
1.00
9.00
8.00
3.00
7.00
2.00
1.00
6.00
1.00
1.00
4.00
1.00
2.00
1.00
1.00
4.00
7.00
1.00
1.00
1.00
5.00
3.00
1.00
4.00
1.00
2.00
15.00
4.00
2.00
18.00
8.00
5.00
1.00
6.00
1.00
5.00
2.00
3.00
1.00
7.00
11.00
14.00
8.00
4.00
6.00
3.00
5.00
2.00
1.00
11.00
4.00
27.00
11.00
1.00
12.00
3.00
6.00
11.00
9.00
1.00
6.00
6.00
1.00
1.00
6.00
3.00
1.00
1.00
8.00
2.00
1.00
2.00
3.00
3.00
15.00
1.00
23.00
9.00
1.00
1.00
1.00
1.00
1.00
2.00
23.00
19.00
1.00
3.00
2.00
2.00
3.00
4.00
17.00
7.00
8.00
5.00
14.00
4.00
1.00
5.00
1.00
1.00
5.00
2.00
1.00
6.00
1.00
5.00
1.00
1.00
7.00
2.00
1.00
1.00
1.00
1.00
1.00
5.00
3.00
2.00
3.00
9.00
19.00
1.00
1.00
7.00
5.00
4.00
6.00
7.00
1.00
1.00
48.00
7.00
6.00
4.00
5.00
1.00
7.00
5.00
1.00
11.00
7.00
6.00
7.00
1.00
1.00
3.00
1.00
2.00
3.00
2.00
1.00
1.00
17.00
1.00
16.00
11.00
3.00
2.00
19.00
6.00
2.00
5.00
2.00
1.00
9.00
3.00
11.00
1.00
3.00
29.00
3.00
1.00
6.00
4.00
3.00
2.00
1.00
7.00
1.00
4.00
8.00
1.00
6.00
1.00
2.00
2.00
1.00
6.00
3.00
1.00
1.00
1.00
2.00
1.00
1.00
1.00
1.00
1.00
1.00
3.00
1.00
8.00
1.00
8.00
2.00
5.00
9.00
2.00
8.00
5.00
6.00
1.00
1.00
10.00
5.00
1.00
9.00
1.00
3.00
1.00
6.00
1.00
1.00
4.00
2.00
1.00
1.00
5.00
3.00
1.00
1.00
2.00
7.00
13.00
2.00
5.00
13.00
7.00
8.00
4.00
3.00
3.00
5.00
3.00
1.00
15.00
2.00
1.00
7.00
3.00
1.00
3.00
15.00
8.00
10.00
3.00
1.00
2.00
1.00
4.00
3.00
1.00
1.00
1.00
3.00
3.00
2.00
3.00
1.00
1.00
4.00
9.00
15.00
5.00
2.00
1.00
4.00
1.00
4.00
3.00
17.00
11.00
4.00
8.00
1.00
15.00
9.00
1.00
1.00
2.00
6.00
3.00
3.00
5.00
7.00
7.00
1.00
7.00
2.00
1.00
1.00
1.00
2.00
5.00
2.00
1.00
3.00
4.00
4.00
1.00
1.00
6.00
1.00
3.00
16.00
15.00
9.00
11.00
1.00
5.00
2.00
10.00
9.00
8.00
7.00
2.00
1.00
4.00
7.00
4.00
4.00
2.00
1.00
3.00
1.00
2.00
7.00
4.00
1.00
15.00
1.00
15.00
8.00
16.00
5.00
2.00
11.00
3.00
1.00
7.00
2.00
2.00
4.00
3.00
5.00
2.00
3.00
3.00
2.00
1.00
2.00
1.00
1.00
17.00
23.00
2.00
12.00
1.00
3.00
1.00
12.00
4.00
1.00
2.00
9.00
19.00
8.00
1.00
1.00
1.00
2.00
1.00
9.00
3.00
1.00
1.00
3.00
1.00
1.00
12.00
1.00
1.00
7.00
8.00
1.00
5.00
3.00
7.00
1.00
5.00
1.00
2.00
1.00
2.00
4.00
7.00
2.00
8.00
6.00
4.00
2.00
11.00
6.00
4.00
1.00
1.00
4.00
1.00
5.00
4.00
19.00
1.00
22.00
4.00
1.00
15.00
1.00
21.00
5.00
8.00
1.00
9.00
3.00
7.00
4.00
2.00
5.00
9.00
7.00
1.00
1.00
2.00
1.00
2.00
1.00
1.00
1.00
7.00
5.00
1.00
5.00
8.00
2.00
8.00
15.00
5.00
1.00
1.00
13.00
11.00
3.00
25.00
14.00
5.00
11.00
7.00
7.00
8.00
1.00
1.00
1.00
7.00
2.00
2.00
13.00
26.00
1.00
1.00
6.00
8.00
6.00
10.00
2.00
3.00
1.00
2.00
19.00
15.00
1.00
1.00
3.00
7.00
9.00
5.00
1.00
4.00
1.00
1.00
8.00
5.00
1.00
13.00
1.00
6.00
13.00
2.00
5.00
5.00
14.00
1.00
3.00
8.00
12.00
1.00
11.00
7.00
6.00
6.00
12.00
2.00
5.00
1.00
2.00
1.00
1.00
1.00
2.00
2.00
2.00
2.00
1.00
5.00
8.00
6.00
6.00
2.00
12.00
1.00
4.00
1.00
3.00
1.00
1.00
8.00
3.00
12.00
13.00
1.00
17.00
2.00
1.00
3.00
6.00
1.00
2.00
1.00
8.00
6.00
4.00
1.00
1.00
2.00
2.00
5.00
1.00
2.00
2.00
3.00
1.00
12.00
1.00
1.00
5.00
1.00
11.00
1.00
22.00
7.00
3.00
10.00
13.00
1.00
1.00
2.00
2.00
4.00
10.00
1.00
11.00
1.00
1.00
8.00
1.00
1.00
5.00
1.00
17.00
1.00
6.00
1.00
1.00
4.00
2.00
5.00
2.00
5.00
1.00
2.00
2.00
1.00
1.00
1.00
1.00
2.00
1.00
1.00
3.00
6.00
12.00
1.00
2.00
12.00
8.00
2.00
3.00
1.00
1.00
1.00
1.00
2.00
1.00
1.00
3.00
1.00
1.00
8.00
8.00
4.00
1.00
2.00
11.00
3.00
1.00
2.00
1.00
11.00
1.00
3.00
1.00
1.00
5.00
1.00
2.00
1.00
1.00
1.00
1.00
2.00
3.00
2.00
10.00
1.00
1.00
1.00
2.00
9.00
4.00
2.00
3.00
11.00
7.00
1.00
10.00
3.00
1.00
6.00
11.00
4.00
4.00
13.00
7.00
1.00
1.00
3.00
1.00
1.00
10.00
2.00
1.00
7.00
1.00
1.00
4.00
7.00
6.00
1.00
3.00
2.00
2.00
2.00
3.00
7.00
1.00
23.00
15.00
5.00
10.00
10.00
