81.00
129.00
34.00
2440.00
346.00
1063.00
106.00
9.00
10.00
9.00
1321.00
574.00
30.00
33.00
762.00
112.00
35.00
1.00
11.00
162.00
135.00
8.00
76.00
1489.00
858.00
62.00
260.00
43.00
2.00
90.00
23.00
46.00
980.00
8.00
127.00
97.00
1115.00
260.00
173.00
1116.00
80.00
157.00
27.00
5.00
144.00
987.00
337.00
257.00
875.00
222.00
3.00
144.00
8.00
6.00
21.00
1107.00
161.00
1493.00
74.00
1169.00
192.00
9.00
76.00
1214.00
197.00
14.00
5.00
9.00
72.00
1.00
1.00
971.00
4465.00
34.00
95.00
1295.00
16.00
22.00
12.00
467.00
16.00
42.00
1135.00
93.00
1.00
1151.00
45.00
217.00
11.00
1.00
1.00
27.00
64.00
148.00
818.00
103.00
7.00
13.00
15.00
59.00
35.00
106.00
92.00
913.00
276.00
1.00
82.00
2.00
38.00
24.00
1461.00
1155.00
89.00
168.00
1.00
3.00
1028.00
1793.00
33.00
1062.00
204.00
25.00
10.00
