59.00
34.00
6.00
33.00
38.00
148.00
2.00
27.00
1.00
15.00
98.00
566.00
39.00
3.00
3.00
1.00
38.00
25.00
8.00
1.00
44.00
6.00
103.00
7.00
10.00
21.00
1.00
9.00
161.00
29.00
53.00
12.00
47.00
80.00
30.00
546.00
1.00
19.00
2.00
15.00
26.00
94.00
3.00
1.00
33.00
18.00
83.00
5.00
2.00
117.00
3.00
14.00
155.00
17.00
15.00
12.00
581.00
88.00
12.00
2.00
2.00
9.00
56.00
1.00
13.00
13.00
5.00
36.00
7.00
4.00
7.00
5.00
1.00
1.00
75.00
10.00
20.00
7.00
55.00
132.00
9.00
11.00
237.00
573.00
2.00
13.00
196.00
1.00
3.00
1.00
42.00
2.00
2.00
5.00
5.00
110.00
13.00
5.00
2.00
12.00
33.00
5.00
27.00
1.00
9.00
9.00
22.00
1.00
46.00
59.00
87.00
644.00
1.00
22.00
37.00
6.00
37.00
1.00
35.00
4.00
13.00
6.00
3.00
26.00
1.00
66.00
2.00
71.00
25.00
1.00
92.00
4.00
5.00
71.00
7.00
41.00
2.00
10.00
677.00
22.00
66.00
6.00
13.00
2.00
25.00
31.00
23.00
5.00
5.00
1.00
4.00
22.00
2.00
20.00
219.00
1.00
26.00
57.00
1.00
107.00
584.00
65.00
20.00
45.00
4.00
48.00
110.00
13.00
99.00
1.00
3.00
1.00
8.00
1.00
4.00
5.00
1.00
4.00
3.00
131.00
1.00
93.00
10.00
18.00
2.00
67.00
19.00
711.00
94.00
37.00
33.00
29.00
77.00
80.00
30.00
58.00
21.00
3.00
73.00
75.00
685.00
1.00
21.00
64.00
49.00
1.00
39.00
12.00
23.00
62.00
14.00
7.00
35.00
2.00
66.00
10.00
4.00
9.00
1.00
4.00
6.00
142.00
33.00
103.00
44.00
559.00
93.00
1.00
1.00
67.00
32.00
9.00
127.00
70.00
4.00
18.00
6.00
10.00
10.00
26.00
5.00
1.00
18.00
25.00
7.00
28.00
26.00
2.00
50.00
600.00
10.00
1.00
2.00
29.00
73.00
120.00
46.00
1.00
12.00
2.00
36.00
43.00
6.00
66.00
1.00
5.00
1.00
1.00
7.00
10.00
75.00
46.00
1.00
2.00
12.00
2.00
39.00
3.00
82.00
1.00
42.00
555.00
38.00
44.00
81.00
3.00
14.00
25.00
10.00
1.00
8.00
119.00
16.00
10.00
51.00
61.00
39.00
43.00
413.00
55.00
207.00
3.00
143.00
37.00
1.00
4.00
41.00
51.00
61.00
12.00
4.00
3.00
70.00
9.00
7.00
7.00
1.00
52.00
1.00
44.00
6.00
12.00
29.00
164.00
647.00
1.00
26.00
11.00
23.00
1.00
45.00
18.00
9.00
23.00
35.00
2.00
2.00
50.00
53.00
4.00
4.00
12.00
3.00
5.00
13.00
71.00
45.00
17.00
7.00
1.00
16.00
19.00
1.00
5.00
163.00
136.00
472.00
29.00
9.00
3.00
3.00
1.00
45.00
11.00
22.00
1.00
1.00
9.00
6.00
6.00
29.00
186.00
69.00
1.00
106.00
18.00
520.00
1.00
184.00
100.00
26.00
18.00
137.00
51.00
120.00
2.00
4.00
4.00
1.00
2.00
3.00
104.00
39.00
4.00
9.00
22.00
1.00
115.00
37.00
204.00
425.00
45.00
31.00
1.00
20.00
12.00
3.00
36.00
6.00
21.00
1.00
85.00
2.00
127.00
32.00
8.00
6.00
18.00
45.00
109.00
35.00
1.00
1.00
676.00
27.00
45.00
43.00
63.00
1.00
5.00
1.00
1.00
1.00
14.00
3.00
39.00
50.00
16.00
2.00
7.00
15.00
7.00
6.00
39.00
1.00
2.00
32.00
21.00
7.00
8.00
2.00
5.00
33.00
45.00
1.00
20.00
14.00
24.00
10.00
38.00
138.00
62.00
377.00
2.00
3.00
1.00
97.00
3.00
69.00
9.00
1.00
7.00
7.00
4.00
14.00
15.00
13.00
2.00
74.00
53.00
59.00
8.00
9.00
179.00
41.00
1.00
3.00
12.00
2.00
14.00
35.00
34.00
605.00
35.00
1.00
12.00
1.00
49.00
7.00
47.00
23.00
44.00
21.00
4.00
103.00
1.00
14.00
7.00
80.00
20.00
12.00
10.00
7.00
14.00
1.00
774.00
42.00
138.00
1.00
1.00
124.00
3.00
84.00
87.00
8.00
1.00
11.00
6.00
2.00
18.00
43.00
19.00
13.00
10.00
925.00
17.00
21.00
14.00
24.00
1.00
26.00
28.00
5.00
1.00
5.00
4.00
4.00
58.00
6.00
8.00
11.00
35.00
5.00
1.00
7.00
20.00
2.00
2.00
28.00
5.00
13.00
3.00
11.00
28.00
570.00
127.00
76.00
9.00
18.00
41.00
1.00
29.00
8.00
1.00
17.00
123.00
19.00
1.00
8.00
63.00
1.00
3.00
34.00
1.00
1.00
3.00
41.00
39.00
3.00
7.00
11.00
1.00
50.00
655.00
159.00
13.00
9.00
6.00
6.00
13.00
1.00
1.00
7.00
6.00
78.00
25.00
62.00
18.00
6.00
5.00
6.00
3.00
12.00
1.00
3.00
7.00
2.00
14.00
111.00
842.00
31.00
1.00
1.00
21.00
51.00
3.00
8.00
14.00
47.00
8.00
72.00
69.00
19.00
60.00
47.00
4.00
54.00
22.00
3.00
53.00
7.00
5.00
4.00
484.00
232.00
1.00
20.00
7.00
32.00
1.00
59.00
12.00
42.00
1.00
1.00
3.00
48.00
3.00
22.00
48.00
7.00
3.00
39.00
5.00
35.00
7.00
14.00
2.00
11.00
18.00
19.00
10.00
1.00
1.00
68.00
173.00
463.00
47.00
62.00
21.00
1.00
12.00
11.00
3.00
23.00
38.00
11.00
31.00
83.00
1.00
25.00
1.00
33.00
1.00
92.00
9.00
15.00
1.00
2.00
5.00
2.00
41.00
4.00
7.00
61.00
41.00
1.00
658.00
3.00
4.00
12.00
3.00
1.00
20.00
24.00
1.00
20.00
2.00
3.00
12.00
31.00
22.00
11.00
14.00
3.00
15.00
3.00
5.00
8.00
1.00
1.00
33.00
50.00
18.00
44.00
33.00
1.00
128.00
526.00
32.00
193.00
1.00
8.00
42.00
15.00
9.00
60.00
2.00
3.00
43.00
15.00
87.00
14.00
2.00
14.00
62.00
79.00
1.00
58.00
44.00
13.00
35.00
6.00
750.00
35.00
15.00
36.00
51.00
28.00
4.00
44.00
