2.00
4.00
9.00
2.00
1.00
6.00
5.00
8.00
5.00
5.00
6.00
4.00
17.00
15.00
4.00
9.00
12.00
7.00
9.00
4.00
2.00
7.00
1.00
1.00
3.00
7.00
2.00
8.00
5.00
19.00
1.00
20.00
2.00
4.00
1.00
2.00
1.00
3.00
3.00
11.00
4.00
5.00
1.00
2.00
8.00
8.00
6.00
7.00
2.00
2.00
2.00
3.00
1.00
2.00
1.00
2.00
1.00
1.00
8.00
9.00
8.00
8.00
11.00
3.00
6.00
2.00
1.00
5.00
17.00
5.00
2.00
2.00
4.00
5.00
4.00
1.00
8.00
1.00
2.00
2.00
2.00
5.00
11.00
9.00
5.00
15.00
4.00
4.00
1.00
5.00
1.00
1.00
7.00
6.00
7.00
7.00
4.00
9.00
9.00
3.00
3.00
3.00
2.00
2.00
1.00
2.00
5.00
18.00
5.00
11.00
4.00
11.00
10.00
2.00
1.00
3.00
9.00
2.00
19.00
6.00
4.00
3.00
2.00
2.00
5.00
8.00
16.00
6.00
6.00
19.00
1.00
21.00
7.00
5.00
5.00
10.00
13.00
2.00
1.00
7.00
6.00
2.00
2.00
2.00
1.00
6.00
4.00
1.00
2.00
12.00
4.00
5.00
1.00
10.00
1.00
1.00
2.00
19.00
3.00
1.00
1.00
2.00
8.00
5.00
2.00
6.00
4.00
5.00
6.00
12.00
6.00
1.00
2.00
4.00
2.00
5.00
15.00
2.00
1.00
7.00
2.00
4.00
3.00
4.00
1.00
5.00
1.00
8.00
1.00
1.00
13.00
11.00
10.00
9.00
2.00
4.00
9.00
6.00
5.00
1.00
6.00
4.00
15.00
1.00
7.00
5.00
3.00
15.00
19.00
1.00
2.00
2.00
5.00
15.00
14.00
1.00
6.00
2.00
6.00
4.00
1.00
1.00
2.00
2.00
3.00
1.00
4.00
1.00
3.00
3.00
1.00
8.00
7.00
2.00
2.00
1.00
4.00
6.00
6.00
5.00
1.00
5.00
12.00
5.00
4.00
1.00
5.00
10.00
2.00
6.00
5.00
3.00
3.00
14.00
13.00
3.00
1.00
3.00
13.00
4.00
2.00
4.00
9.00
16.00
1.00
3.00
6.00
3.00
7.00
1.00
5.00
2.00
6.00
14.00
2.00
9.00
12.00
14.00
6.00
2.00
11.00
3.00
1.00
1.00
3.00
2.00
2.00
7.00
2.00
5.00
1.00
3.00
