1.00
5.00
4.00
5.00
9.00
3.00
3.00
1.00
6.00
3.00
1.00
2.00
1.00
2.00
3.00
10.00
4.00
2.00
3.00
2.00
4.00
2.00
5.00
4.00
2.00
7.00
3.00
7.00
2.00
1.00
3.00
1.00
1.00
8.00
4.00
2.00
3.00
3.00
1.00
13.00
2.00
7.00
3.00
4.00
16.00
1.00
2.00
1.00
8.00
7.00
4.00
6.00
7.00
6.00
2.00
2.00
1.00
1.00
11.00
9.00
1.00
3.00
1.00
1.00
1.00
1.00
1.00
2.00
1.00
3.00
6.00
1.00
7.00
7.00
17.00
6.00
2.00
9.00
1.00
8.00
6.00
2.00
3.00
1.00
17.00
2.00
10.00
6.00
1.00
5.00
8.00
1.00
4.00
1.00
1.00
13.00
6.00
1.00
1.00
7.00
1.00
2.00
3.00
7.00
1.00
3.00
3.00
2.00
1.00
2.00
2.00
1.00
1.00
3.00
5.00
16.00
4.00
7.00
3.00
1.00
3.00
2.00
2.00
3.00
2.00
1.00
10.00
1.00
1.00
1.00
9.00
6.00
1.00
5.00
1.00
1.00
8.00
2.00
1.00
1.00
4.00
1.00
1.00
2.00
4.00
1.00
7.00
7.00
5.00
3.00
3.00
2.00
3.00
2.00
2.00
4.00
2.00
3.00
2.00
1.00
1.00
3.00
4.00
2.00
10.00
4.00
17.00
2.00
2.00
1.00
4.00
10.00
1.00
4.00
9.00
1.00
12.00
1.00
18.00
8.00
4.00
2.00
3.00
1.00
2.00
1.00
2.00
2.00
18.00
1.00
14.00
4.00
1.00
18.00
4.00
9.00
3.00
4.00
1.00
9.00
7.00
1.00
1.00
5.00
2.00
1.00
4.00
2.00
2.00
6.00
1.00
1.00
1.00
4.00
2.00
2.00
1.00
2.00
1.00
1.00
1.00
2.00
1.00
5.00
10.00
4.00
6.00
6.00
4.00
2.00
1.00
5.00
7.00
3.00
1.00
1.00
1.00
2.00
14.00
9.00
2.00
6.00
5.00
3.00
1.00
3.00
2.00
4.00
1.00
1.00
1.00
16.00
1.00
10.00
3.00
2.00
2.00
3.00
15.00
1.00
5.00
3.00
12.00
1.00
1.00
2.00
4.00
2.00
2.00
4.00
8.00
2.00
5.00
1.00
21.00
4.00
9.00
1.00
4.00
4.00
4.00
1.00
1.00
4.00
4.00
6.00
1.00
7.00
4.00
5.00
3.00
5.00
2.00
4.00
7.00
7.00
2.00
3.00
7.00
2.00
2.00
10.00
9.00
6.00
3.00
9.00
1.00
7.00
1.00
6.00
2.00
4.00
3.00
2.00
10.00
18.00
23.00
3.00
1.00
9.00
1.00
1.00
5.00
3.00
1.00
2.00
4.00
18.00
3.00
2.00
2.00
6.00
4.00
1.00
2.00
1.00
2.00
8.00
8.00
2.00
2.00
15.00
2.00
1.00
4.00
1.00
3.00
1.00
10.00
1.00
1.00
3.00
2.00
2.00
1.00
3.00
1.00
1.00
4.00
5.00
11.00
17.00
8.00
8.00
