9
0
0
0
0
0
0
0
0
4
11
30
0
0
1
0
0
0
0
0
0
2
24
9
6
0
1
0
0
0
0
0
5
8
12
27
0
1
0
0
0
0
0
0
5
0
13
0
5
0
0
0
0
0
0
0
0
10
18
0
0
8
0
0
0
0
0
0
10
29
7
12
0
0
4
0
0
0
0
0
1
0
0
32
0
0
0
0
0
0
0
0
0
0
8
0
0
0
0
0
0
0
0
0
0
3
6
9
23
3
0
0
0
0
0
0
0
3
1
5
12
8
3
0
0
0
0
1
0
0
1
4
16
0
0
0
0
0
0
0
0
28
4
0
16
4
0
0
0
0
0
0
0
0
4
16
15
9
0
0
0
0
0
0
0
4
2
6
0
0
0
0
2
0
0
0
5
6
6
0
13
0
0
0
0
0
0
0
0
0
0
0
7
5
1
0
0
0
0
0
0
4
7
0
6
0
0
0
0
0
0
0
1
12
14
12
15
0
0
0
0
0
0
0
0
4
1
0
1
0
1
0
0
0
0
0
0
6
1
31
12
16
0
0
0
0
0
0
0
0
5
0
5
5
0
0
0
0
0
0
0
6
17
13
0
6
3
0
0
0
0
0
0
2
0
0
0
0
2
0
0
0
0
0
0
4
0
18
14
0
0
0
0
0
0
0
0
10
4
0
0
5
0
0
0
0
0
0
5
0
13
3
21
3
0
0
0
0
0
0
4
2
0
3
9
1
2
0
0
0
0
0
7
14
21
16
6
0
0
0
0
0
0
0
6
1
2
10
0
0
0
0
0
0
0
0
0
1
0
