24
19
15
7
0
0
0
0
7
43
28
10
14
20
0
0
0
0
0
4
10
2
17
35
19
17
12
12
0
1
0
0
20
41
60
15
3
19
9
7
0
0
1
0
0
33
19
30
22
2
57
14
0
0
0
0
2
15
57
37
34
21
10
9
9
0
1
0
4
15
15
58
34
19
15
8
0
0
1
5
0
38
12
16
51
31
14
2
1
3
4
0
12
19
49
40
45
3
1
0
2
0
0
2
26
51
16
37
53
46
39
0
0
0
0
8
27
19
14
42
24
35
53
7
20
6
7
6
13
16
60
22
16
0
36
9
4
1
2
0
6
32
30
31
33
14
9
7
0
7
4
0
4
10
16
19
33
0
8
0
0
0
0
5
11
2
33
36
38
17
16
20
4
0
6
0
15
16
44
52
60
19
13
12
1
1
0
0
7
5
53
28
60
11
28
0
1
3
6
2
29
48
34
32
28
13
15
3
6
0
2
0
10
19
14
15
6
2
30
0
0
7
0
5
12
26
33
18
33
33
6
0
1
4
4
2
13
27
38
24
3
49
18
4
5
0
10
4
12
44
25
38
10
19
55
18
0
3
0
0
13
22
4
29
46
39
5
10
3
0
5
2
13
43
51
10
73
49
25
8
3
3
3
12
14
31
46
71
15
34
14
15
37
1
0
1
3
26
29
46
67
8
4
0
1
4
0
0
4
20
26
16
43
15
19
14
0
0
6
0
12
33
52
32
25
13
9
0
5
3
4
5
10
44
16
27
4
0
19
0
6
0
0
3
6
18
2
37
39
13
12
1
1
8
13
5
0
23
15
62
