0
7
0
0
0
0
0
0
0
0
1
16
30
0
0
1
0
0
0
0
0
0
6
11
4
0
0
0
0
0
0
0
0
3
10
21
22
0
0
0
0
0
0
0
0
10
0
7
4
5
5
0
0
0
0
0
0
3
15
10
4
0
2
1
0
0
0
0
0
15
32
11
0
0
0
2
0
0
0
0
0
0
0
0
22
0
0
0
0
0
0
0
0
0
0
7
0
0
1
0
0
0
0
0
0
0
3
10
12
27
0
0
0
0
0
0
0
0
0
5
1
15
4
2
0
0
0
0
0
0
0
2
2
20
0
0
0
0
0
0
0
0
32
10
0
8
5
0
0
0
0
0
0
11
3
0
37
19
5
0
0
0
0
0
0
0
0
10
15
0
0
0
0
0
0
0
0
6
12
5
0
7
0
0
0
0
0
0
0
1
0
0
0
22
0
1
0
0
0
0
0
0
9
2
0
2
4
0
0
0
0
0
0
0
5
20
5
11
0
4
0
0
0
0
0
0
0
0
0
0
0
0
0
0
0
0
0
0
8
0
19
7
8
0
0
0
0
0
0
0
0
10
0
3
4
4
0
0
0
0
0
0
13
8
26
3
3
0
0
0
0
0
0
0
4
0
2
0
0
0
0
0
0
0
0
0
4
0
8
8
0
0
0
0
0
0
0
2
3
3
8
0
2
0
0
0
0
0
0
4
0
5
0
19
6
0
0
0
0
0
3
0
17
0
2
5
13
4
0
0
0
0
0
2
13
12
17
5
0
0
0
0
0
0
0
1
1
1
5
0
0
1
0
0
0
0
0
0
0
1
