59.00
41.00
37.00
199.00
948.00
108.00
8.00
5.00
11.00
16.00
8.00
41.00
1.00
2.00
1161.00
145.00
1.00
1.00
9.00
20.00
124.00
5.00
216.00
803.00
40.00
52.00
6.00
116.00
5.00
12.00
1.00
5.00
21.00
8.00
1.00
206.00
1072.00
66.00
1.00
147.00
19.00
40.00
12.00
31.00
22.00
1004.00
4.00
124.00
5.00
67.00
81.00
126.00
4.00
90.00
1.00
67.00
686.00
3.00
106.00
10.00
23.00
32.00
34.00
61.00
40.00
253.00
1.00
101.00
1156.00
5.00
5.00
1.00
4.00
4.00
240.00
23.00
957.00
66.00
206.00
90.00
984.00
171.00
31.00
108.00
2.00
11.00
6.00
12.00
1.00
7.00
1.00
7.00
1132.00
228.00
5.00
20.00
12.00
13.00
41.00
3.00
1.00
11.00
3.00
186.00
939.00
4.00
88.00
99.00
8.00
11.00
1055.00
7.00
16.00
2.00
28.00
4.00
13.00
176.00
118.00
86.00
882.00
112.00
63.00
111.00
22.00
4.00
10.00
7.00
1.00
1.00
56.00
5.00
56.00
49.00
1115.00
4.00
69.00
15.00
6.00
144.00
996.00
56.00
4.00
4.00
17.00
3.00
9.00
11.00
36.00
260.00
5.00
113.00
1223.00
1.00
1.00
4.00
10.00
3.00
173.00
23.00
843.00
34.00
9.00
94.00
312.00
6.00
68.00
1017.00
8.00
3.00
21.00
105.00
21.00
7.00
28.00
8.00
41.00
40.00
102.00
73.00
885.00
11.00
13.00
16.00
197.00
63.00
19.00
1081.00
86.00
46.00
143.00
14.00
7.00
110.00
14.00
20.00
15.00
3.00
18.00
3.00
1097.00
5.00
187.00
122.00
20.00
21.00
929.00
24.00
110.00
42.00
1.00
6.00
1.00
11.00
2.00
3.00
70.00
3.00
77.00
62.00
31.00
875.00
80.00
71.00
147.00
88.00
1062.00
149.00
112.00
16.00
1.00
9.00
4.00
15.00
3.00
9.00
8.00
16.00
5.00
1092.00
93.00
1.00
161.00
205.00
855.00
113.00
87.00
84.00
113.00
9.00
37.00
12.00
2.00
20.00
5.00
13.00
67.00
1.00
893.00
36.00
188.00
34.00
165.00
17.00
4.00
124.00
828.00
71.00
28.00
19.00
2.00
27.00
29.00
8.00
21.00
3.00
2.00
1.00
37.00
54.00
22.00
999.00
153.00
2.00
52.00
17.00
104.00
1.00
2.00
5.00
15.00
1288.00
