78.00
112.00
8.00
3.00
23.00
1053.00
19.00
173.00
76.00
87.00
8.00
8.00
993.00
188.00
17.00
2.00
9.00
113.00
4.00
96.00
15.00
27.00
907.00
27.00
72.00
2.00
5.00
9.00
6.00
27.00
260.00
44.00
73.00
103.00
2.00
794.00
93.00
15.00
100.00
64.00
29.00
218.00
2.00
3.00
23.00
1.00
21.00
1.00
9.00
14.00
761.00
112.00
1.00
22.00
10.00
2.00
7.00
58.00
58.00
1.00
93.00
34.00
6.00
71.00
39.00
31.00
1080.00
15.00
24.00
39.00
1.00
16.00
50.00
10.00
22.00
113.00
21.00
833.00
63.00
129.00
123.00
8.00
3.00
5.00
1.00
13.00
3.00
77.00
2.00
16.00
37.00
1.00
977.00
7.00
53.00
11.00
49.00
1.00
23.00
65.00
4.00
8.00
51.00
25.00
1.00
7.00
6.00
9.00
972.00
59.00
3.00
79.00
114.00
6.00
16.00
115.00
10.00
3.00
2.00
1.00
5.00
51.00
2.00
34.00
36.00
6.00
27.00
2.00
889.00
79.00
5.00
145.00
14.00
8.00
1.00
7.00
130.00
2.00
5.00
21.00
37.00
10.00
9.00
21.00
841.00
1.00
1.00
73.00
20.00
31.00
47.00
107.00
2.00
1.00
23.00
1.00
52.00
194.00
19.00
20.00
828.00
33.00
22.00
97.00
63.00
1.00
65.00
68.00
5.00
4.00
16.00
11.00
17.00
160.00
908.00
155.00
1.00
89.00
8.00
59.00
1.00
139.00
977.00
70.00
1.00
2.00
15.00
30.00
63.00
68.00
46.00
65.00
4.00
58.00
20.00
944.00
11.00
5.00
139.00
3.00
6.00
1.00
72.00
1.00
1.00
22.00
26.00
1.00
15.00
28.00
23.00
100.00
953.00
5.00
70.00
109.00
7.00
4.00
26.00
17.00
21.00
115.00
25.00
825.00
82.00
34.00
79.00
107.00
3.00
47.00
12.00
145.00
76.00
918.00
160.00
18.00
345.00
1.00
50.00
22.00
902.00
83.00
60.00
79.00
53.00
123.00
11.00
953.00
33.00
92.00
75.00
10.00
169.00
9.00
34.00
6.00
4.00
20.00
17.00
39.00
1.00
15.00
861.00
12.00
12.00
7.00
12.00
1.00
102.00
4.00
165.00
58.00
74.00
41.00
1.00
1.00
10.00
41.00
1098.00
10.00
19.00
2.00
47.00
3.00
2.00
1.00
79.00
4.00
1.00
5.00
889.00
69.00
71.00
38.00
175.00
5.00
5.00
12.00
1.00
1.00
4.00
20.00
23.00
24.00
36.00
1.00
98.00
6.00
804.00
9.00
8.00
88.00
3.00
12.00
1.00
6.00
7.00
4.00
6.00
4.00
2.00
5.00
4.00
23.00
7.00
90.00
1.00
83.00
28.00
91.00
118.00
67.00
582.00
206.00
4.00
62.00
9.00
41.00
16.00
8.00
5.00
16.00
2.00
221.00
814.00
105.00
240.00
42.00
17.00
95.00
24.00
2.00
2.00
6.00
939.00
34.00
10.00
8.00
85.00
163.00
27.00
174.00
824.00
229.00
49.00
311.00
1075.00
1.00
112.00
5.00
11.00
5.00
1.00
33.00
116.00
4.00
45.00
850.00
201.00
15.00
1.00
7.00
13.00
