3
1
4
0
0
0
0
0
0
0
0
0
0
0
0
0
0
0
0
0
0
0
2
0
3
0
0
0
0
0
0
0
0
7
9
0
0
0
0
0
0
0
0
0
0
2
0
0
0
0
6
8
0
0
0
0
0
5
12
0
3
7
0
0
0
0
0
0
0
0
0
0
0
0
1
0
0
0
0
0
0
6
0
7
10
6
0
0
0
0
0
0
0
11
1
2
0
0
0
0
0
0
0
0
2
0
0
8
5
0
0
0
0
0
0
0
0
1
1
7
9
5
0
0
0
0
0
0
0
1
0
0
1
0
1
0
0
0
0
0
0
1
0
5
18
2
0
0
0
0
0
0
0
0
1
4
0
0
0
0
0
0
0
0
0
0
0
9
4
0
0
0
0
0
0
0
0
2
6
6
4
0
0
0
0
0
0
0
0
0
2
2
20
5
0
0
0
0
0
0
0
2
0
0
0
0
0
0
0
0
0
0
0
0
0
0
0
0
0
0
0
0
0
0
0
0
0
0
0
0
0
0
0
0
0
0
0
12
13
0
0
0
0
0
0
0
0
0
0
15
15
0
0
0
6
0
0
0
0
0
0
0
0
0
11
0
0
0
0
0
0
0
0
0
2
0
24
8
2
0
0
0
0
0
0
7
16
5
1
2
0
0
0
0
0
0
0
3
0
7
25
0
0
0
0
0
0
0
0
0
0
0
9
0
0
0
0
0
0
0
0
0
3
7
6
0
0
0
0
0
0
0
0
2
0
0
0
0
0
0
0
0
0
0
0
0
0
0
5
0
0
0
0
0
0
0
0
1
9
30
