144.00
1149.00
109.00
9.00
6.00
99.00
3.00
263.00
897.00
35.00
110.00
3.00
26.00
1183.00
38.00
52.00
126.00
6.00
12.00
15.00
22.00
1070.00
3.00
267.00
10.00
1.00
148.00
25.00
43.00
69.00
2.00
913.00
88.00
4.00
94.00
28.00
6.00
149.00
125.00
167.00
684.00
100.00
10.00
23.00
32.00
34.00
470.00
1157.00
9.00
15.00
6.00
1227.00
367.00
983.00
171.00
32.00
109.00
3.00
13.00
21.00
11.00
9.00
1133.00
230.00
11.00
23.00
32.00
45.00
216.00
939.00
95.00
103.00
3.00
13.00
12.00
1055.00
7.00
16.00
32.00
3.00
12.00
298.00
96.00
881.00
3.00
103.00
201.00
7.00
13.00
1.00
16.00
3.00
63.00
1.00
2.00
59.00
1171.00
6.00
70.00
1037.00
127.00
55.00
32.00
326.00
967.00
386.00
3.00
1.00
7.00
16.00
1.00
200.00
878.00
10.00
95.00
323.00
70.00
1017.00
10.00
4.00
23.00
128.00
8.00
40.00
44.00
3.00
219.00
2307.00
282.00
17.00
9.00
116.00
15.00
41.00
1135.00
4.00
197.00
146.00
24.00
929.00
27.00
113.00
3.00
61.00
14.00
7.00
76.00
152.00
905.00
302.00
1152.00
263.00
33.00
10.00
41.00
17.00
1030.00
3.00
70.00
97.00
165.00
207.00
856.00
290.00
3.00
127.00
54.00
3.00
24.00
10.00
1.00
846.00
134.00
36.00
226.00
167.00
22.00
128.00
828.00
5.00
66.00
29.00
85.00
9.00
6.00
27.00
3.00
60.00
80.00
1006.00
153.00
2.00
178.00
3.00
1.00
14.00
289.00
1017.00
