143.00
1079.00
178.00
17.00
57.00
44.00
1.00
264.00
899.00
150.00
14.00
1.00
151.00
218.00
799.00
98.00
4.00
1.00
28.00
91.00
21.00
9.00
230.00
866.00
217.00
44.00
5.00
9.00
1.00
159.00
63.00
1082.00
6.00
49.00
4.00
63.00
3.00
278.00
4.00
89.00
753.00
2.00
106.00
9.00
23.00
34.00
41.00
67.00
34.00
22.00
331.00
836.00
318.00
9.00
5.00
1.00
4.00
3.00
1226.00
1436.00
120.00
3.00
77.00
34.00
3.00
11.00
8.00
1.00
11.00
2.00
9.00
157.00
2.00
988.00
230.00
8.00
24.00
33.00
11.00
62.00
21.00
163.00
601.00
312.00
119.00
9.00
99.00
1.00
10.00
12.00
3.00
1056.00
8.00
17.00
50.00
3.00
1.00
8.00
291.00
84.00
1076.00
25.00
110.00
24.00
6.00
2.00
84.00
1.00
60.00
1.00
952.00
1.00
228.00
77.00
17.00
542.00
493.00
112.00
110.00
8.00
302.00
2.00
1358.00
12.00
17.00
153.00
18.00
26.00
890.00
52.00
40.00
311.00
6.00
932.00
160.00
8.00
2.00
5.00
3.00
15.00
95.00
10.00
19.00
7.00
37.00
44.00
1128.00
33.00
38.00
244.00
232.00
851.00
166.00
109.00
13.00
7.00
5.00
112.00
2.00
14.00
35.00
10.00
16.00
1.00
1100.00
207.00
15.00
129.00
26.00
965.00
40.00
63.00
11.00
2.00
70.00
23.00
3.00
218.00
54.00
929.00
523.00
849.00
282.00
26.00
12.00
1.00
1.00
7.00
1.00
2.00
18.00
1084.00
14.00
14.00
62.00
398.00
25.00
828.00
197.00
88.00
127.00
44.00
7.00
35.00
4.00
1.00
3.00
85.00
894.00
7.00
264.00
169.00
32.00
1.00
46.00
79.00
830.00
5.00
62.00
29.00
22.00
56.00
1.00
16.00
3.00
22.00
1.00
2.00
5.00
6.00
128.00
998.00
146.00
61.00
136.00
1.00
1165.00
