6
9
9
0
0
0
0
0
0
6
0
1
6
4
0
0
0
0
0
0
2
1
2
13
6
5
4
0
0
0
0
0
0
11
19
2
1
3
2
0
0
0
0
0
0
8
0
0
4
2
11
9
0
0
0
0
2
7
24
11
11
19
4
1
0
0
0
0
0
0
0
22
4
0
1
0
0
0
1
2
0
6
0
6
38
26
0
2
0
0
0
0
0
3
11
25
14
1
0
0
0
0
0
0
4
2
0
20
9
16
8
0
0
0
0
0
2
1
0
9
20
16
8
0
10
0
1
0
2
9
11
1
2
0
10
1
0
0
0
0
0
8
5
0
16
10
0
2
0
0
0
0
3
0
2
0
8
0
3
0
0
0
0
0
3
0
8
12
25
0
0
2
3
0
0
0
0
2
22
32
17
4
0
0
0
0
0
0
0
0
4
9
40
7
4
0
0
0
0
0
13
4
0
17
1
0
5
2
1
0
0
0
0
4
4
0
0
0
7
0
0
1
0
0
1
4
2
3
5
2
0
0
0
0
0
0
0
16
16
4
0
15
3
0
0
0
0
1
2
33
5
3
0
1
9
1
0
0
0
0
1
1
0
17
36
28
0
0
0
0
0
0
0
8
8
0
33
18
10
0
0
0
0
0
4
0
18
47
12
15
0
3
17
1
0
0
0
8
4
15
54
0
1
0
0
1
0
0
0
9
0
2
22
5
8
0
0
0
0
0
0
10
20
15
7
4
1
0
0
0
0
0
0
10
0
1
0
0
0
0
0
0
0
0
0
4
0
5
4
0
0
0
0
0
0
1
0
4
5
44
