11
12
10
14
3
0
0
0
2
22
36
44
73
0
4
6
6
0
0
0
2
13
21
37
33
21
1
18
0
0
0
0
7
24
54
39
48
2
10
0
3
0
0
0
0
21
0
33
23
33
21
5
7
0
0
0
0
15
35
41
13
6
21
12
0
0
0
0
0
32
52
53
17
0
20
12
1
0
0
0
1
16
5
4
55
0
4
14
3
0
0
0
0
5
13
19
3
21
7
3
0
0
0
0
0
4
25
38
21
49
4
3
7
0
0
0
0
20
20
11
27
42
49
18
0
0
0
0
13
12
3
21
22
45
10
10
1
0
0
0
2
3
52
30
7
26
15
0
0
0
7
0
3
21
9
21
82
36
27
0
11
0
0
0
0
12
14
35
38
4
27
0
1
3
0
0
0
43
48
37
0
17
18
3
0
0
0
2
1
13
11
13
4
46
14
4
10
0
1
0
0
1
44
25
2
15
12
4
0
0
0
0
0
7
10
42
32
24
27
26
2
11
0
0
4
3
40
20
5
12
1
32
3
0
0
0
0
9
32
11
44
12
57
0
0
0
0
0
0
6
9
15
3
34
31
9
0
0
0
0
0
0
25
38
75
28
40
22
0
0
0
0
1
1
37
16
7
22
11
3
0
0
0
0
1
2
42
7
39
35
1
0
0
0
0
0
0
16
28
24
24
15
12
13
0
0
0
1
0
20
14
44
22
54
38
1
1
0
0
0
5
25
39
10
39
18
21
9
0
0
0
0
3
34
49
67
57
28
4
2
0
0
0
8
0
18
23
16
31
5
15
10
0
0
0
0
0
8
12
30
